Hx:
0111010000000010011000110111110
1000111011010110010001001110011
1010000111000000100111101111110
0100100111110111111110100110100
1010010001011001010101011111010
1100011110000010010110010100011
0010111101110111001110110011110
1010010110101110110001111110010
1111100000010101001110101110011
1010001101100011001101111000000
0011010110101101101101110111111
0000101110011010000111010100001
1100011100111011001110110001110
0010011111001111011011100011101
1100010000100111100110001100000

Hz:
1001010110010111001101010001001
0101100100111100000001100101010
1000100100011110010001110101000
1111000000001010100101010101100
0111100101110100001110101011011
1001110110110110010010000010010
1010001111101010001101011100011
1110011101110110110000111010111
1001010011111001011001000011000
0101111010011111100010001000111
1000101000010101010010001111001
0111110011010111110001010011100
0100110100111111001110101100110
0010001000111100001101110111011
1000111011001111111111110010101
