Hx:
1001011100100110011100001111100
0110101101110010000101110011000
0010010110111111011000101101001
1010011100010000011101101000101
0100111001111111000101111100101
1001110010011011100100101100100
0010110111010100001111011111000
0111100100111110101111011110001
1001111100010000011000001110011
0100100000011110101011111101010
0100100111001101001111110100001
0010110000110101111000000011111
1010101010000010000101010100110
1000110101010011111000011011010
0100100101000111001001000100011

Hz:
1000011010100101110110001110010
1101101111011100001000100010111
1010100101101010011001111101101
0110100100000100011110001101000
1101110010011110111111001000111
1101101100101001011000111010110
0000101101011000111001000011010
1101000110000001110101010001011
0100101110110101110100110001101
0011110111010011101000010001011
0001111000000010000000010100101
0100101011001101010110101111011
1110111111110110011000100111011
0111111000101100110011111000100
1011111110110111101110001111001
