Hx:
0010100000000011100101111101100
0101010010001000010110011101011
0101001000111011010110100110101
1011010110010111111011011000001
0101010001000010011111011110111
1101101100110110100001101010100
1011000010000101010101101001011
1000101000101001000110000001000
1110011101000001111110000110000
0110100001110011111101111111101
1010011000001110101001010100100
0000111001000110000100010101110
0111001100011100111001011111001
0101101001110011111100011001011
1010110001000100111110100010110

Hz:
0110010001111010100010011001010
0111101011111000111111100010001
1100101011111110111000001011111
0000101010101001010100001000010
0011110101101100101010100010000
0100110100100000011010000111111
1110111000010010000110101011111
1111111111011000110010101111111
0101011000001010001110001000110
1000010111101011100101010011111
0111001100000101001011110011001
1011000100001011010101000110010
0111100111000111010000100110010
1111010011100011111001001011110
1111000000010011111111000010001
