Hx:
1000010000100010001110011001100
0010011000110001001011100110010
1111010010010100001101000000111
0011111101100101000110010110011
1101011011010011001010100110101
0111100101100001100100101110000
0001001001011111100111110111101
1111101001010101001100111011011
0001110110111010010010000000000
1111010110100110111000100100001
1100001111111011100111000010101
1010001100100011100000010011101
0011111010101111001110100101010
0111111011110110100000011001110
0100011111010000010001100100000

Hz:
0011011111010000001010100101000
0100011110110010011111010001010
1111101100011101100011111011100
1101010000101101010110011111000
0101001100101010010000001010110
0010110001000001100001101011100
0100110110011010100110011111111
1010101010101011111100111001001
1101000010011001000100110010101
0001110100011000011110010001001
0110100010000001111110110010001
0011011100101111111111101011001
0101110000001101011110110001011
0100010101101101111110111010111
1100101100000100101000011100011
