Hx:
1110100101010111000001000011101
1101101000001011011011001101100
1010000011010011010010101001011
0111001010011101100101101101010
1111111110100111101100111000100
1000010101110010100000100111010
1011101010111011111000000001010
1001000101111111100100010010101
1110010100011111110111000100001
0001001100101011011101010100110
1101100111001000011001101000110
0101001101010110000101110000111
1101111100001111000000110100001
1101111010100010001111111010100
0010000011110100001001011111011

Hz:
0101110110111000000101101101010
0100100110100001011101110010000
0100111011011100001101101001011
1101000110011001110000110011110
0001100001011111101000001110001
1001001011001111011010110011001
1010111101101101110111001011000
1011111011111000000111000111101
1011011100010110110011001000001
0111110000100101110110011110010
1000101011001100001100010110001
0000101101000011001010100011100
0110000110101010110100001010110
0001110110000011010011101001111
0110101111110101100111000011110
