Hx:
0101101110010110010111111100100
0101010110000101111010101000011
0000011000001010000010000011000
1010110001111100001101000010010
0011110111011101001010000001111
0010010001000000001101010000101
1111010000101000011100110000000
1011111111110110001010110111101
1110011101100001110000011101110
1100011110110000100111011101110
0000011010000100100110011101110
0001101111111111010011101010100
0011100110001010011001011100000
1100110110100001000011100011001
1111001100010110001100100100110

Hz:
1011010001110010100001101111101
1100110000000111101001001111110
1001101100001111000111110111011
1101011101101011100000110111001
1010000111100000110011000110001
1001000010010111110011010000101
1010000001101001011110011000110
1100101111110110111110000001100
0110111010000111011000101110001
1000101000111111011100110010110
0100111000011101001011000011100
1000001101011010100011001111000
0010001011100010011011111010100
0110010110000011011110000010111
1010010010101100100101110111110
