Hx:
1001010101110101111010011111110
0111111111101011010011101001101
1110100101011010111111101110101
1110100110110111110101100111100
1010101100100011110000111010111
0111110100010010100111010100101
1000111101110101011111100111110
1010011010110100000011101010001
1101111000000001111101010000000
0110011111101101101000111111100
1100111010100100101010001011011
0100010100000110101011111000001
0011110001100111000111101110101
1101101001101110000110010110100
0100010010010110010101000000101

Hz:
1011111110011111101100010000111
0111110001111011111100110000111
0111111110011111110101101000011
0100110111100101011100011000111
1100011101110111000001101011010
1110001000100001110111101000010
1101111110100001001110011001101
0011100010111010110100011110100
0001001100110010101111100010111
1001010001001010110001001110101
0110011010011010101000011011001
0010110101001100000001110111110
1010001101001010100111110110001
1110011100010100110001111001111
1001000101100111110100001110111
