Hx:
0100110100010110010101100000000
0000100011100000000000110001011
1000000101111001010100010000000
1110110010100001011010000110001
1000100110000100111001111000000
0011001011001111110000101110110
1000100011001000000001101011110
0101011010001110000100111001110
1110111111101010110110011000111
0011110111100111000101100001110
0011010110110101000111100110100
0111000101111001101111110111110
1001011010111010101010111000011
0001011001110100101100101100010
1001100100101011110010100111011

Hz:
1111001111110011001001100011010
1100101111001110111111001010110
0001011000110110100101010000100
0111010110101001110000011001111
0110000111011000111010010110110
0111010010011010011011011100000
1000101001010101111111001111010
1001001001000111001101000100010
0100000000110001001101000010001
1001111011100111001010001100011
1010110110000110110111000010100
0000001101111110111001000111101
0111110100011000011011100011110
0100000111010010111110010110101
0001101101101011110100110011111
