Hx:
1001011100101011110001000011110
1011100000100011111100001000011
0101001010010101110001001100010
1110100000110110100110011000110
0010111000110010111110011100000
1110010010110111110101010001100
1011100010101110000000110000001
0010100101110001001110000101010
1011110110001110101111000111101
1100010000111100111111110011101
1110110000100101111000001000010
0101100101101000111001101000000
0011010111001010111100101110001
0001110111101010011010011111101
1001000011000100101000101001000

Hz:
1101111010010110100000010111001
1101110111101111010100111011010
1001101110111100111000010010010
0010011000101101001011111000110
1101000110001100010111101000110
1110111101001110011000110011100
1000001111111001001010110001100
1101100011111011001111101011010
0100011010001101001101010101110
1000010010011000000111010110100
0001110111010111001110001000101
1101001010010011100110110111000
1011001001111000110001001111001
1110100010000000101000010100001
0111100101110000001001000101010
