Hx:
1110110111100011010100111001010
0101100001111110100101100101101
1001100011000010010010001110001
1110100001000111001000000011001
0110000011100001110110001111010
1100110010001100100000010000000
0001111011000110000011001110011
1111000101101011001011100100010
0101101110111000100011010100111
0100001100011101110010101110000
1000111011110100100100001110100
0011001000110110101101010100100
1101010000000010110001101111001
1110100100110010100110110000101
1111000010000110110010001000000

Hz:
0001110110000010110111100101011
0101100111111011000000000010000
0111001010111000001010111100011
1001011101100101110011100110101
0011101110001010100011100000001
0111000100111101110001000111010
0001101101001101001100010010000
0010110001011100001110001100001
0110111000100101110110010101000
0000001110010100001110101011100
1101110001110101100001001110101
0010101101010001110001101111010
1001011100110111000000110110001
0101110001001101000100011100101
1010100001101111011001101000000
