Hx:
1001001111001001111111110110011
0000010010001011011000010100110
0011001001010100100001100101101
1010111110110011100011110010011
1101110111000110000011011011000
1101001011010110001011000100010
1110101110111111101000011010010
1111000111001101100000011010000
0011110100100100000101000110100
1110011000000110101100001111000
1101011110100100011010001000100
0011110011111100001000001010001
1100010111100111100000101011010
0110100010001101010010101100111
1010011000101100010000110111010

Hz:
1001010000100100110001111001101
0101110001001110001101000011110
1001000011010011100110111100101
1001010111000000111111010010010
1100000010001100010000111011001
1111110110000100010101010000000
0101000000100101100001010001001
1010101011111101111100110111100
0011111001010001101101010000001
0011010101010101111101000011000
1011110000010011101010110101110
1011011100001000101011011100010
1110110111100110010111001000000
0011101000001001010000111100011
1010010010000100111111001101010
