Hx:
1010110110101000100010100000100
0000010000101100110000011011101
1110010100110111010101010011000
0111011101101101100100101001110
1001000111110001111110001011101
1001100100011011001011010100100
0110110011110110001011010001001
1111000101100111010101100100100
0111111101000110010011110100011
1001100110100010100110001111101
0001011101010010011111010111110
0000000001001100010111001001010
1110110100001010100010010110101
0101010100100010011110010000000
0001011011011100011110000010011

Hz:
0111110001011001111100101001000
0100011011100000001011011010001
1011010101111111000100101011100
0011101010100010011001010011011
1110011001010110100001010110011
0100110100110011011000111001111
0010101101101011010001001110110
1001101101111001101100010101001
0101101100011110111100110111110
0000001110000101111000010110100
0001000101010000000011010000011
1101111001000001001000000011100
1100110100000010110010001111000
0111110010100101010010101101111
1000100100100100011011110110001
