Hx:
0001111010111100110101111000110
0000010001111001010111011000010
1111111101110111010100101101100
0011010010010001110110001010100
1101101110000111100000110000011
1110001001001011010000100100011
1011001100110000010110110101010
0110010101100110000011000100100
0011100011101000111001100100100
0000110110111110111001001011000
1000110110111011100000100101001
1010010100101010001010101101111
1111101001101101011010101010100
0100110111101110010101000101110
1100111110011000111100010001000

Hz:
1110010000100101011100110001100
0011010000000011101110011001001
1001101001110111011111111010001
0110110111010110100111111011101
0011010110011110110101111101100
0001000000011111101010110111010
0111110000010001010101100010001
1010100101010010111001000011101
1000011111110110010110101110001
1101000110001000110001111110011
1011110001010101101001011111010
1000100010001001110000101100100
1111001110000100010011101000000
1110110010111100110110110001000
0000011101111001000011011010000
