Hx:
0010111010011000010100101001111
0001101110000011110111011001111
1100011000000001011000111011011
1111110011111101010011110010100
1111001010010011100110101000001
0101011000001100101000010010000
0100010100111110010101000101010
0000100010101110010010011101010
0001111000100111101000111011100
1011000001110101110100000100011
1000100101011010100010110100110
0011111100000001110010100100001
1111111101010101110111011101100
0000001101011111111000001010010
1001000010001010110100101111100

Hz:
0111001110010100010001010111000
0110001101011000010000001110101
0111100011111110000110000000110
0001110101000111000001111100101
0011010001100011100011001111101
1110011010010100010000100001101
1001010010111000001001100000111
0010101111010010000000111001101
1100001010101100100010101010100
0101110001000110101100000101011
0110111000100111101000010010110
1000110100100010110101101000110
1000000000001001011010101100011
1100110011100011101111110111101
0000101010001111111101100110111
