Hx:
1001010010001010101101001111100
1101101011110011110100101011000
0110100100011100011010011001001
0010000101000100100100111100011
1011101001110010111000110101010
0100010111100110101101000110010
0011001011001010101001101100001
1111111011100000110001000110111
0110010111101010001010011110100
0101000001000100110100000001100
0011100100111111000101011100000
0111101001111000100001011011111
0100110111010101111010011111110
0100101100111000110111011000001
1101111010010100001010010010101

Hz:
0111001011001100001110110001000
0111100101001100100110001010010
1011000011101111100001000011100
1101001000001100010000010010011
1001100100101100101111001110011
0000101011100000010010111000011
1111100010001010100101111100010
1111000011111100010100111110000
0110000111010110100101001011001
0010101011110101101110111101101
1001101111011011110001111001100
0010011001001011101101110110110
0000001000100011111100100011001
1111101010001101000101111011100
1000110000010101110110111101110
