Hx:
1010010010110001011000111011110
0011101011001100101101000110011
1001101101011111010110100000111
0100010000110110101110101111011
1011011000010011011111001010010
1101001000000111111100100110111
1010000011100011110100100110100
1101010001010111111001000011011
1111100110001100100010010010010
0011011010011100111100011011001
0011101001000010001101001000000
0111100010011011001110111001101
1000110101110001111100011111110
1001001011111111001110100011111
1011110111010010010110000001010

Hz:
1110110110001001010010100100101
0001001111111011100000000010101
1011001010010100100001000110010
1010011100100111010101001101000
0011111000110100110110011001110
1101011001100001101010100100111
1100111001100111100011001100101
0110110100101010011010100001100
1000001010101000001011001101000
1010111010001111111001100111001
0111010110000100011000001100000
1110100000011010100100110101111
0110010000100010011110000010000
0011010011100010010101000010001
1110110001101011101010011010010
