Hx:
0000010011100000110010101100111
0110100101000011100111000010101
1111101110010000011001110100110
0001010111110110111110101000100
1101100000000111010111000001011
0010001110110011010011001001001
0100110111110011010111001001100
1100011000110111101110010110010
1101110000111001010010010010101
0111011111110001001101010011001
0000101010000001110101110110101
1101110100000001001000110111111
0001110100010101111001111111010
1001010101111011010110111000111
0101011010011010001000111111101

Hz:
1001000111010110111101100000010
0001100110001000011010000001001
0111110010011101000001000110111
1001011100011110101001011001111
1011100001110010100011111001110
1100111011101111011010011011001
0110010001011010100001000001111
1001110111001110111000011001110
0111111101011010101100100110001
1001101110101111010001000111101
0001001101010001010011101010010
0100101001010100100001101010000
0100000110010000101110101110101
1101111001110100010010010010001
0100110001010011100111111000110
