Hx:
0100001100111110100110100101110
1000000111011100111110011111111
1110001011000000010010110001011
0001111110101011000011110111010
1000000111101000000101010000011
0000011100000011011010010110100
0011000010110011101111001011001
1011111101011011101110010011110
0001101001110101001101100010000
1011001010001001100110000101001
1011101100100111000001111011101
0100111100101001101001000000101
0100001000011000011111000010100
0100001101101110101000101101100
0101011001001000000000010111010

Hz:
1000110110000000100110011001010
0100010101101011010011010001100
0101111010100010101000110000110
1101000100110100001001010100001
1000000000111100001110001110011
1111101010001111001001000111011
1010011001111011101010110010001
0010011000010000100110101101001
1001110110010000111101010000111
1100010001100010111100000000011
0110010000110001101001000110100
0111011001011001111001000010010
1100111000110011010111101100100
0000101000110010000101001000010
0101111101110011111011110000101
