Hx:
0010010100000000101110011100011
1101101110111111100010100110110
0010011110100001011010000010110
0110011010110011011100011000100
1000101010101100000110100011100
1111110001000100101000000110000
0101000101101011100110100000011
1100010010000101100101111111000
1111010100101010110000000101101
1100001110001110111010001010101
0010010000011111001010100101101
0001001101010100010000100111111
0110101000001001110001000010001
1001011000011110100011100001100
1111011100111011100111011101110

Hz:
1111101010101011001111100111110
1101100010010110011010010111100
0010001010010111000110010001011
1011101010011010000010010111011
0000000111010011010001000100111
1011000001011000011100100010110
0001101100011110001011010111101
1001010011101110001111011110001
1010000100010010101000110110111
1010001110100111110010011001111
1101010010000010101010000111101
0110110010101011011111000011010
0110000110100000010111111001000
1000011100001110101101110011011
0110101111000011001111110010111
