Hx:
0011101111110000000101001011111
0100100010111001011100110011101
1100100110000110011000010010110
0011000000000011010010101001010
1001000101000110000101111110001
0001110001010010110010100010010
0110001110110000010011010101101
1011001111001011110001010010101
1111001011010110000010110001000
1111010111001111110110011110101
0001000110011100111011000101010
0011000000100001000101010010001
1110101110001111001010111101111
0010010000111011101100111110110
1001000000011101100000000111000

Hz:
1100010011100001100111100100010
1110000110000101110001010110111
0110011110011010010101000110110
1010100100001010011011010011110
1111100110110100100111011001010
1001010011011010010101010101100
0110100010101011101011110111100
1101110011110101100100100000010
1100110100101111011000111000011
1001101010010010000011100100000
0110111111011110100101110000010
1011111011111110100001001101010
1101000100011010001000001011000
0011101001101001111101101011111
1110111110111011001110111000001
