Hx:
1011100000000011100111110000001000100
0001000101000000111100010110110111000
1010111100011001110101111011010100111
0110111111001110010000111111010011110
1111001111111111001111011000000000001
1111011101111010010010010001110001110
0000111010101011001000111100111001101
0100001011000101110000110001010000000
0101000111110100001110111011100000001
1110000110010010101011010101010011011
1010100010011010011110000111000100101
1100111001100101010010111110000000011
0100010111111110110111100110011111111
1010110000110011101010010000111000110
1011011110110011010001110001000100100
1001001110111101011011010001110011110
0010010110100110001000000000101101000
0100101011010111111011011101010110010

Hz:
0111101100110000011010100010000111111
0001011000001110101010101011011001010
1111000010101111001011111001010000101
0011000000001101000001000000001100100
0100000001100100010100000011010010111
0000111110010010111110100111100101000
0100001101110101010001001010000110010
1100000000000000010010010111101010010
1100110011110010111011100101110111100
1001110110000110011101111001100100011
0011100011110011111111001101101011011
1000001111001011001100010000111111001
0111001100010111000100101100110011001
1110111000010101001111001111110110110
1110111110000010101111101011000111110
1000100010111111000011101111010010111
1101100101001000000100001101111100100
0001101101001111011010011101111111100
