Hx:
1000111010101101100110000001110111100
1011111101110111100011011011001000000
1111101010101110101111100110000110001
0111011110000011011101011110010110000
1101111100010011111011001011010100110
0000101101101001010000000101101010110
1100010000111111111010010000100001111
1010101110101100000000010011100001011
1111111010011110001010110101001110011
0010010010001011000110000010111001100
0110001010010000101100001001100101111
0100100000011111010111010111110111101
1101111011100100111001111001011011010
1000101000100101100100001010011100110
0110010000011110010101011001100011001
0010001010110100110001111001010110011
1111100011000110011001110010011000011
1110001011010000011101101110110001101

Hz:
0101101001010011111110111011001100010
1111101001100011101111001010110110010
1000100011101101001111101110010101000
0001100101001011011001101100110111010
0000000011110011110110000011001000111
0001001010010111111000010101011000110
0000010010111101100100000011100010110
1100111110001000010100011001010001001
1111010110001111010011100111000111101
0100001000001010010001001000100111011
1111100111010110001100011010010001101
1111100110110101000010011110011100110
1100001100000101100111110110000101110
0111100011100001111100001001111000111
0011000111010110010011101001011010001
0010100101001111101111010100011000011
1111001010001111111001011000011100101
1010111111011000011111110010000010101
