Hx:
0000001000101110111111100011100110010
0001101100010111001011111111001011001
0000101111101011111011100010011111011
0111011101101110011101011001001010110
0001100000011001010110101110101000100
0000010110000101111101111000011000010
1110110001010111110110000010111100111
0111001100000111111001111001011000011
1111011000010100000010111000111101111
0110110101001110010011111010001101101
0110101100101111110101100000110110000
0111110000101010001111011101111001001
1111110101010111010101111010000110110
0001100001101100000001000001000000001
0001011101111010011001111110110100000
0111010000111110111001101001010111100
0011111001110101100000001000111001011
0100001010000001001111100111010000100

Hz:
0110111100100000110111111111100001110
1010000110110001000011010011101111001
1101100000100111101001101110110100001
1110001011111001111011101110010100110
0010000000100111100111111110110010011
1110000011100000011011011010011111101
0011000011110001101000010001111001110
1010101101011110100011101111010010010
1100001100101010101001010001011100010
1011001011101110011111000110100001000
1011101001100110110100000001001010110
1010000010111001110000000101111111101
1100001111101010000110110101001110000
0000011101011111001010110001100110010
0100010000010110110000110100001111111
0100100010101010100101000011110111111
1011010010010100010111101010101100011
0110010101010110010010000010111110000
