Hx:
1101001011110011101001000100110000001
1100001000110100000111011000010100100
1010110101001110001010110111111010001
0001100111110010100010101110110100101
1010001000001101101000111100101110010
1011001001001110010011001011001110111
1010101011110110010001101111100001101
0000111111000100011101011000101100010
1001011001001001000100011000011100101
0000001000000010000100010100101010001
1000100101111000000010110011011001001
0100111000100101110111101011101100000
1000000110010100110011111100111001100
0011101001110101110110001011000100101
1000000110111010011110011111100110100
1001001100110011010000111101000001010
1001010011111011101111110101011000000
0111000001001010011111001000100110000

Hz:
1111110010001111000100111010011011101
0000001111100000010111111001010110100
0011110100011101001001101111100010001
1000000010011111111001011011001111110
0010011001011010000111111110110100110
0100001010010100101011000111100101111
1011110110000010110000110010111011101
1001110111001010101111010110100010100
0110000011100110010101011110011110100
0100011011000100010000110100111000111
1110011010101101101111111111101010011
1001001110011100011110110010100011111
1001010101101111101001111001111111011
1000001001010000001010101011101010100
1111001110000011100110111100010010000
1010010100011000010100100111011111100
1001011101010100110100110000001001010
0101000011010010111111001001010001110
