Hx:
1110111010011010011010010111100001001
0110101011011001001100111011101001111
1100110001111000111001010101011100101
1000100110000101000100111010001111010
1101111001000010111000110010010110001
0110111011100100001110000011000000101
1111010100011100101111110100011001010
1110011110100010100011111100101011111
0000111011111011100100011000111001001
1100011011111101011001110100000101100
1110110111110111000011100110111000100
0011011100101100010111110001111110110
1000100001000000100000001101010000011
1111000110101010010001001111100001110
0101110001011100000001001111010000111
0110110001111111000001111110010110010
0000110001100011011010101111111100011
0000000010111010010110110101001110000

Hz:
0001111100111100011101010100101001011
0000001101010011001010101001000100110
0001111101100010001110100110001010110
0001001010000010001000000011001001001
1001111110110001101001110101010101011
0111101100110110011011100011011001010
0001011100111000011101011001011111101
1100000011111111010100100000010000101
0001011010011011011010010111001001100
0101010010100111100111111110010001111
0110110111010111111001011010110010110
1110001110001011100011000001101111101
0101100100001111111110001011000111000
0010100011100001011110111110010111110
0111011000100110001100110110101010110
0111000010110111111101001100011111011
1110001111110100111010011010001011000
1110101001010001000101101110110111100
