Hx:
1101000000100101100001000001101000011
1010111101011111011101100111010100000
1101110000011100000011001100100100010
1011011011110100010000110111000011001
1011001001101001100001011101100001100
1000001001111000011001110110001000011
0100010101000011000000100100000111111
1101110100010101000101000110110011111
1100001110011110101111011110110000110
1010001011111110001110101011000101001
0110100000110010001001010100111100000
1110000010010110001111010010110010000
1000110001001000101010100101010111100
1001011000100000001010100011010011111
1100000101111011000001001110101000000
0111100110100101111101110010110101110
0101011010101001001000101101100001110
1011011110111000010001010111010011101

Hz:
1100100110010100011001001100001111110
1111010100111110010010010010010100010
1101000011001111001100111010010100110
0100010011110100101101101110101011001
0111010011010000101001000100100111001
0101000110100111101010110000001010101
0101000000101010110010011111100000111
1010100100000001111101101001011001000
1110001010111101100101000110110010000
1010111111110101000101011111111011111
1110011010111010000111100011111100010
1100101011001000011001100111011110110
0101111100110101101010011010001111010
1110000011000111001100001101100010000
1001011001000000000110011011000110101
0010101001101011010000100111110111011
0111110100101000111011011100011011011
1000001010000011010001001001011010010
