Hx:
1101111101111110011010110000111000011
0000000111100111101000010011000111011
1110100101101100100010110010100000000
0110111001010111110010111110101010111
1101110100101111000000101100100100100
1100000100011111110001011000000110000
1000110101111101000011110100000110000
1100010100101100110001111100010110101
0010110110101010010101101000010001000
1011100100010010111111100101001110110
1110111010010000011000010100000100000
1010011100001000111001010100000110010
0110011000001011010111010111000000101
0110111111100100101111100000000010101
1010000010010110001100000111101000100
0011011001000111111000010100101110111
1000001000111000101010110111101111111
0000010101110101110010111001110000101

Hz:
1011010100111000100011011100010000011
1000101011011001000111010100011110000
1100011010110011110000111001001011010
1110101000011110001011100100001010000
0010110110100111110001011110000100011
0100001010000100111111001100001001001
0010101001100000011001000011111110010
0111110010100110010100011100001001111
0000110111010011100111100111111111110
1000000111000100101110111111101111000
0010001111010111000111001010010010111
1100110000001101010000111001100000011
1100100111101010011010100011000000011
0010011110010001101001010010101111100
0011100100100001110000111000110000010
1000100111100110000010001001111101110
1001001011111111100011001001110011100
1010011001000110010010101110101010010
