Hx:
1110010100001001111100110101111001000
1000110110011100110001001011010100001
0111000100011101111001011001010001011
0011010111010000010001111101111101101
1100110111001110011110011001111000000
1101111101100000001011011000110100000
1110100110000010011101110000000111000
0100010001000100000111000101110111111
0000111101110110111000110101111111111
0011101011111010000001110110000010111
1000001110010111100001111001110001011
1011000100010000100100101110000110011
1011001000010111111101011001101001010
1111110101001001010000101110010011000
0110111110000110010110110110110101001
0001101100111000101001001100110011001
1011010110010110110100101011110011010
0011010001110100100001110000011100111

Hz:
0010100000011001011010101011100100000
1110100110010110010110111011100010010
1001111111010000100111111110110110000
0100001010111100101000011110111011100
1001110001011111010110101100001101011
0001100111111100000101101000011000111
0110100111011101001001001100100010100
1000011011011011101000010000000001010
0100010000100111001101101101011110011
1011000100010011010110000011100110101
1100110101001100000100100001011110111
0000101011111011001100001101111001111
1111100111101001101111110000001100000
0010101000111111010010101010010010000
0110000101101000111110001101110110000
0010000110011110111000110100110101101
1110100100011001000001001111001011011
0000101110100100001011100001010011001
