Hx:
0101000000010011111110001101110010101
1001011000110110110100001101000110010
1111000111111100011011101001000101000
1110010011111011000101100010000100010
1001110101111001101001010001001011111
0100111011001110100001111011101001101
0001011100110000010001100001111110111
0011100100111010111101010011010000100
1111111011010110101111101110110011100
0101101010100000111000000100101000111
1110111001101000010100011100110101001
0111000100100100101110010111010001111
0000000000111010011001001100110110110
0000100000011101000110011001111111011
0011001111010100110001001100101000110
1111101010001110000010111001101011110
1110101100011101111000001100011001011
0000001111010010100110001110011011100

Hz:
0001101011101111111011100101010010100
1010111110110000111100010011111011100
1101010110010110001010001001011001100
1000011101100111101010010001011000001
1111100001000111111111101000001111100
0010111101110101111011010101011001011
1010110011101001011100000100011111001
0100001111111101001100000000111110111
0001010101111100001001111101011010010
1111011001010010011101101010010100001
0001100010001101011111101001101001001
0010111101010011111110110111000100000
0100001000011101011001111100110100110
0100011101001000110001011100101110001
0011001001110010111100010001110010001
1011010011110000111110011110011011110
1110000000011010001101101001000111000
1100111110100111000010111011001010110
