Hx:
0100010011000011111000100001100010110
0001101101101111000100111111011111101
1000011101011101010001000010111011000
1001010001100000010101011000000110011
0001001000010011110101010001111111001
1111010000000100010001100100010010011
1001110100111001110000100100001111111
0001100000010110011111111000000010100
1100011001111110101001000000110111000
0001100101101100010110011111101011001
1000000101011110011001100101110000110
1010100010110110001100101100100001100
1000110101110010110100001101100011110
0100011101101000100011110010000011100
0001101110101100000011101011100110101
0000111110111000100100101111110010011
0101010101101100101100010011100000100
0111101110110111000100010001010110001

Hz:
1110010101001010100010100100001111010
1110010111101101001000011100110101010
1100111011001111111110101000100001100
0001101100110101000010110100100111001
0001101100001001001001010110111101100
0000000010000100100001111000110111010
0101111010101100011100100000001111010
0101110111010001111011101111011000111
0000111001111001000011000010110100001
0010111011101000000101101111101111011
0000110111100010100110110001110010100
1010001001101010110100110000000010001
1101001001100011000110101011110101010
0011000011101110100000111000011010111
0110010010001110011101110101101110110
1010101001110110101010011001011110110
0111000111111111011110111011001110001
1111001101000111111111101111000001010
