Hx:
1111101111101110001111111011111111010
0010101001000011111000001111000101000
0100100010110111110111101110010001000
0011000011000100010000000010011100101
0010110110011000011001001100000010111
1000000011010111000010000000010110000
0101110111011001101110000010111100110
1010100110101110111100010110111010010
0111111011000100001111010010000010101
0001101111000010110000110011101011110
0100000011100111101100110001111100101
1001011101101110111100110010111011111
1001000100011100111111111110001111011
1000100001011010000010101100111101010
0100010100100010111111011001011001111
0111011011001010111011101000011100000
0010000100010010000001000000011110000
0001111001101001001111001100100101001

Hz:
1100111011101000001101100010000100000
0010001101001100010100110000100000101
0101011000010111110000100111110101000
0010010011111010011001100110100001001
0000100111010000110010010001010011000
1100001100011101110000110011010101011
1100011101110001110111101011110111100
0000001000101011101011001110001101001
1000111111111001011111010111001001011
0010000001101010100001001010101000000
0101100001111100010001000101101100101
1100001110100010110101000111010001010
0000010010011101001011000001101100000
0100101100100010100110010100000110011
0100010010010000001000001000001000111
0111110010000000101100000110100101011
1011101011000100011110111001010111010
1101010110010110000100000010110000110
