Hx:
0011011111011001010010100110110011010
0100110111000001000011001001111101010
1011110101011111011110000011101110010
1000111111010001001110010001101100111
0000001010011001010010011010001000000
1111111101001011101100111010000011100
0101001100010101100011111000111101011
1110000110011001100001111010000011110
1101100101010100000011101101101010100
1101000111010100111100101101001100001
1101111100111100111101101011100100100
0111001111000100010011101100011001000
1111111100000010110100001011101011001
1011100111001010101101111010111011101
1110110101111011111110101110101001000
1101010010100101111101001010001101010
0101010111011110100110101110111100011
1000101110010000101011010011000001111

Hz:
0011000001011100101011110011111101010
1000011010111001010011101101010011110
0101011100110101001010001100111010111
1011100010001101111111010100010101100
0010000000000101010111111010100001001
1111110001100101110001111101100000011
0110101110110010111111010110101000100
0010001111011001101001000100111101101
0101010011100010011101010010100010001
1001111000000000111011000011010010100
1001011011100001000011011001000101101
0101000100110111101110001111111111011
0101000111010011011100001101011000111
1010101011011001111110111110100111010
0001000101110101000000000000100110110
1110111111000101011101111110011100100
0001111001010011111100001101001101010
0110101100011011000100011110111110110
