Hx:
0001110001110100001001110001100100010
0110100111110111000110011000110000011
0000100001001011011011010010110000110
1001001001111110011110110001011100010
1101000011100111101110011111110111100
0101010010100111100001101111111100000
0010010010001101100011011001011111111
0111100000011011101011000100111101110
0000010111010011110101110000001100001
0011100100101001011110111011101010001
1011110001100110000100001111010100111
1110010100011110111001011100011001001
0101111001001111110001100110101010111
1001111011100001011101011100110010011
0100010000000100000001110111111101111
1100010011011110101100100101110010110
1101101000110101110110000000010000010
0100110001100110111110011011001111101

Hz:
1110010010100101110100100111110111010
1001111100111011111000111000001111011
0100011101000000010001100110101010011
1100000111011010010101000011101010011
0001001010000010010111101100011111100
0100011110011011010000010111001100110
1111100010101101100001110000110100011
1100000000000010101010100111010000011
0111111110100111100001001101100001101
0011110001110011100101110010111000101
0101111011111001011010001000011101000
0010001000101100101000011101011011111
0000100100101011100111001011000000100
1111000010010111000000110110110100111
0100000110110000111101000110001011000
0001111100111110101001010111011001000
0000110001001111010100011001101000110
0011100111110001110100110000001111100
