Hx:
0000011110010001110100011110111001000
1100101001000000001101110100010101011
1110000001011111011101101011101110011
0001011101001101110111011110111001011
0100000111110100101010101111110011000
1100100011101001100110110001101010010
0001011111110110100001010100101001000
0111111011111110010111001001100011100
1110101001111110101110100010101011111
1100111101100101010001001110010001010
1110110011011011011011010110001111011
0111000010101011010101111001000101111
1111100000111011000000110100111011000
1010000111001001011111000100101111111
0101101001111000100100110011110011001
1000011111000010100110010100100011101
0010010001110101101011111100111101001
1110100000000011100010000000010000010

Hz:
0110101000101110000011100110011011000
0100001101011001001100010111100101101
1001110101101101111111001100010111000
1110001100111011100011010111011100000
0110001010110000100010100100010010010
0010001111010110011111000001001011011
0101011001010010100000001100001011010
0111110100111110000011011010011110000
0100110011000110010111101110100000101
1001010000101110100000101011001001110
1000010001000011011111001110000011001
0111001110000101011111111001011100010
0000010000111101010111000010111101110
1101011100100100001010101100001110110
0011000010100111111111001001111011101
0010111100000100100011110101100011101
0100111111000000111000100000000010011
1101111111111010101000100100100110110
