Hx:
0111110001000101110110101100011010000
1100110110000001011111111001010100010
0001110100000101101001110100001100101
0011000111100110111100100110100111000
0101110110110100101000110011000010010
1010010101010100011001100110101111100
0111011101110100100000000000000001001
1000001001111100001010000111010111001
1001001000000100101111101010001101010
0000011111110110111100110111111001101
0011010001000110001010001001101100110
0001100001100001110110011110111000011
0100010110010111011110101010111001001
0101110010101100000111000011000011100
0000100000001001111100101010001111100
0110011011101010111110001101110000011
1111010001101010101001001110000111010
1011000011101001011011110001101001101

Hz:
1000101001111110100100010110100100010
0011000000001100011101110100011110001
0000000010011001001101011001010001010
0010001010000010000100100000000010110
1010111010101000110111100100100010111
0001000010011001110111001110001111100
0111010001010010011101001100000110000
1100011010100000000110000010101010000
1100001110010100011110111000011111110
1101110101101010110011100001011110001
1011111000011001111100111110100011001
1011001011010001010010000010100100001
0001000011100010000010001010000101000
1111000100111100000110011100101110001
1000110011111111101101010001101001001
1111011110010001111010010101010000000
1100110110001110111100000010010100011
1000010110001100100000101100011101101
