Hx:
1100001011111110100101100101011010011
1110011101111100100101110111000101011
1100000011101111111010000100000100000
0010011000110001111110100000110010000
0011011001001001110110100100001101111
1011100111000100010100100101101111100
1111100011110110100010110011101111101
1011111001000101011011010100110111110
1001010011100011001111111111010100000
0101001000110101100110000011000000100
1111011000101001000001000010110110101
0000011110011011010001100111101111000
0110010110010100100111001011111101010
0101001000000101101110010110100111100
0010111001110101111001001010111011010
0111000110110000100101101000101001001
1101111011000001111100101011100000000
1010001010111011101011111110101011010

Hz:
0011100001100000000001110101110111111
0010000111011111101001111110000101111
0100111000001110010111111111001100110
0101101010100011100001110100000111000
0111110011101111011111000100001001101
1000010011010011111000100001011001000
1101001110111111111101101001111111010
0011010000000011110111101100000001100
0011100110110110010101100011000100101
0101101001100001100010001010110011001
0110100101000010001101111100100110000
0100001101111010000111000101110111110
0001101100111001111011110100010001110
0000110101101010100110000000101000010
0101011101010000001011000001111011010
0010101100010101010111001100011101000
1001111110100010010100110011100110001
0101000011100101001101101100110011010
