Hx:
0010111011101011100001100011000001111
1101110100001000011010101010111110111
1111100100000100110010100010100101000
1011010111010010111000100001110000110
1000000111010101011111100000011011100
0001111100010011101000000100011001001
0010100110100110001101111011001001101
0010001100001000100011001101000110101
0000001111000011101110000000110001010
1100110010010110000110111010111100000
1110101111110101011100101100111101100
0111110111101011111011000100110100010
0010000111110000000010100000101000111
1010001011100101010100111010110011101
1100010011110111111111001011101010010
1001100000111100010001100010100111010
1101011110010100000010001101111100000
0110000100111000001101010110011101000

Hz:
1100000111001101000101111101000001000
1111010010010100010110111011111101100
0110110100001101111000110000000010100
1010010110111001101001101011110100111
1100101111001100000100110011001011001
1100110001100001110100110011101000111
0001010001101111000001001000100110100
1010100010100101101011111100001100110
1001100001010000100001010001100100010
1101011010100001101010111000101001000
1001010110010111110000010011010110100
1011011011000110011000100011011110001
0000000111011000100100100001111101100
1001111010110111111110000100110111010
1001101110100011010110111000111000010
1000011000101111011101011110011010000
1110101100010001110111100010100100110
0000110111001010010001111001110110001
