Hx:
0101010000111110100110101001001011011
1001010100111110000101010111001110100
0110111110100011100010001000101100100
1001111111000100001110101000100000000
1000111101100010110001111011110000000
0100010101111011001101101111110001001
0000000010000100000110101001101110001
1010110110101010000000011101100110010
1111010011110001100110001000101101011
1101001000111101111111101010111111111
0111101011111110110110010110001001101
1010011101010000111101100111011000101
0100011100111000000010110111011011101
1010001000111011000101011011101010010
1111111100000010111011010110101101001
0000111010101000000011011111011101011
1110100111110000010110101011001000111
0011000111001001100010010101011111110

Hz:
0010010000000111000101101100101001100
0101111111001110000101000110111001101
1001011110010101001010010100101011000
0111100100010110111111010011101101001
1111111000010100110111000110001100101
0100111100101010111110100111011000001
1101000001001101000000000011000000010
0111010111110000010000001100001010000
1111110001100110011010101101000100100
1110101111100010111001001101001110000
0100000010101110001011101000010011000
1011110001000110100010001110001101101
0110111110111011011000101000010111011
0101001110011001111110110111001100111
1001010101111011000110011001011001011
1101111000101011110100010111011011100
0110001001111101011001010100000101000
0010110011000001100000111110000011100
