Hx:
1100001010101000101110100010010100110
1101110010010000011011110101000111110
1101011010110000001010101000001101011
1100000001000110110011100010000110111
1111000111100101010110111110011011101
1100111110001000110100001001000001110
0001111110000010111001011000100111100
1000101000110110100110001100101100101
0101110001011000101110010111101001010
0011010001111010110011100000011011000
1101010010110101101000111101100001011
1001010000100011000111110110010100010
0101111011101011010111010100100100101
1001011010110101100011100101101110001
0011010101100111011111110000110010111
0101101011101000100001111101110100110
0101101001101001001111011111110110011
0111000100001101100111001111000111100

Hz:
1100001000001101110001010001001101111
0000111100111000000011100011110011010
0100000101010111111001001100101010101
1110101101101111111111101000000111011
1101001111011111000100010001000101011
0001010010110101010101111001000010001
1010011100101001011100111011111000011
1001010110101010100110110011101001101
1111101010100111010101011101100100100
1101000100110001000001111000110100111
0100000111101011001010100001011011000
1110010100111000110011001111111001001
0100111100101010100011100000111100100
1100001001001010000111001010100110111
1110111100011011100011111010100001110
1001111100111010101011101100010001101
1011010111011110001100001001101011010
0100011100001111100000101000101000100
