Hx:
1000010111111000111011111100010101001
1001001101111100100110001010101011101
0010010111111110000001111001010110110
0010100011110011010001001110010001001
0110000100011010011110001111111110001
1100000110110101011111010110100011001
0010010001100000001010110101010111010
1000100010011001001111110100110000110
0010010010100011101111111110000110101
0111011000101010110011100111101101110
0100010111010110110010000000101000010
1010010101110110001000010111101001101
0000000010111000101111000010111001100
1100100010101111110011001011000000100
1001000011100101000000010000101011001
0000001101111000111111101001101001010
0110110111011101000001111010110001001
1110010100101110011001011101000110000

Hz:
0011101010010001010001111010101011110
1001010100111100101011001010101011100
1011110010111011101010011000110101010
1101100010000000010100110110100100001
0011100000010000011100110101000110101
1110100100010010000001010000000011100
1100001110110000001100011100100001110
1100100010010111100100101011000110101
1011101000000110011001101101101000011
1101111001000100000111101011011011101
1101000111001001100111000001111000101
1101011111100001010001011010011011110
0100000011011110101100010010100001100
0111000001110100001011100001011011001
1001110110011001111110010011110110001
0110110011101110011110010000000001100
1100000111110101000000001100111101101
0011010101100000111001100000100011000
