Hx:
0001010110101100100101101
1111000011001010001010010
0101000101111010001010010
0000111010100100000101001
0000000000110000000101010
1110001111110101100001010
1010111000100010101101101
1011101011101101010001000
0111110010011010111000101
0101010101000010111001111
0100110010001100011111110
0010010101110000111110111

Hz:
1111110001110110100011111
1111110000110100101100111
0011000110101101000111111
0010110100000011000101000
1111011011100001101000110
0111101100000010100110111
0111011011000111000101000
0001110110000010101101001
0111111100110101000001010
0000111101011001000001000
0000110101011011100000010
1000111010001000011110111
