Hx:
1011100011101111000110001
0100011110011001001101100
0101100111100011111010110
1110111010111100100000000
0000100100001010011000010
1010000110010101011110110
1000000101010000101111010
1110010101010101010011101
1000000011000110111010100
0001101111110110110110111
0000110101110111010110010
1001110010001100110011000

Hz:
0001011110001011011001011
1100100100010100101011110
1000010111010111111000000
1111111011111101101000010
0000101000111111001110000
1101101110011111010110010
1110010000101101111000110
0000111011011100111110101
1011000010010101100010101
1101111010111101010111110
1111011010000110101100001
0100101100000111011010111
