Hx:
0101110101011011110001001
1111001100000110101100101
1101110110000001101100010
0100000010000001111001010
0011110111000110100010101
0011101011001010001001111
0011001011111101100011010
1111101001010101111100110
0100011111000010001000111
0001110011011011100111101
0000111011001110110111101
1111011011110001000001110

Hz:
0011110101111101000010010
0111110100001010010011011
1000010001100010101111011
0111101111101100110010100
1101011100101011111011000
0100000011010110101111010
0010111101100110001100011
0111101001011001001101000
1001010001110001110010011
0011011100111010110111011
1101110010001101010011010
1000001011010010101100010
