Hx:
1010110110001001101110000
1100011101001001001011001
1111101010011101010101110
1011011001000010110111100
0111001111001001101000101
0101010110011001111101010
1101110001000000011001110
1010011111011011111001110
0011001000100110100100111
1101100000110110101001101
0100000011001000000101000
0011110011100010101111101

Hz:
0001000001011010001000101
1110101001010111101111110
0001011001111111011000010
1011100000111001000011111
0011010000111100001001000
0111011110110100111111111
0001110011011011110001111
1111001100010011000001000
1000011010001011111010111
1111111101001111100110001
0111001100001000011000001
0010111011011100001110000
