Hx:
1101101110001110110001111
0010110100110011001111111
1001101110001110100011111
0010110101111100000110101
0010111111000101000100001
0001000010001101111101010
0101100101101001111110001
1111110011101101001101001
0011011010011011011110110
1111101001000101110110011
0101101000100101011001001
1010110011101010000011000

Hz:
1010111011110011110111000
0100110100010011011001000
0101111101100010010001011
1111111101111001010101100
0000001101101110111011000
1001100110101011010011100
0000011000000111110111101
0000010101101110111010110
1110001101001100000111100
0010100100011111100000101
1001011010000110110111111
1000001001010101000100111
