Hx:
1011101110001011010001101
0111101101111101100000000
0001000110010101010000001
1101001001000110111011101
0000010110001011000000111
1000110011001101001010100
1001100110011100110110000
1110001100000011100001111
0101000010011011000101000
1111011100001000011011100
1010110001111000101111101
0100001110011111101001110

Hz:
0001100001000101100111111
1101001100101001101101001
0001001010100101100001110
0100101110000101000001010
1010001101011000000000110
0111000101010011111011001
1100001110001011111110010
0011100000101111100101001
0011111011100010000100010
1101100011111000101011101
0111111101110110001010010
0000111011011010110111011
