Hx:
0110110111011110110010110
0100110100000001111110101
0111110000010010100010100
1100101110010010111000010
1000001010011001100000001
1101010001100100110111111
1000001110011110001000000
0011110000101111011001101
1100110101110000010011111
1100110110101011101111101
1111100011100110111101011
1110000110111001111110011

Hz:
1100100011111100011101110
0111011110010111000000000
1001010100110011010110111
1011100111110001110100111
0001001000011110101010110
1100101001001101110101101
1100001100010000010000001
0000001001011011100010001
0101100001101101010111010
0100100000011001010000101
0110000100101010001101101
0011010110100010101101110
