Hx:
0100010001001110001001100
1000111111100010010110100
1001101111011110011000001
0011000100101010110010011
1101011000110000011111000
1111100001000100010111111
0010010101100010010000011
0100101111010110001110010
0001010101110111111110101
0001010101011000101011110
0010010011111111101011111
1101011011110101100110001

Hz:
1110001001100001000011101
1110111011101000110101101
1000100100010110110010001
1100100001000100010010111
0110011001100101001100100
1111011010110001011001011
1000111111001101000010010
1001101110111000111010010
1000001011011100110011000
1110111111000011111011011
0011100101110010101110101
1110111000101110111010010
