Hx:
0110010000100110111011101
1110111010000110010000000
1010110001111100011001010
0011100101111100100111100
0100000111110010010100100
0100111100111010011111110
0111100100111011101001111
1010001000011111001101011
1010000100101101011001111
1001101010100111010110100
1011110001100001000110010
0100010100111111001110001

Hz:
1000101110011001101000111
1001001101111101111001111
1111010110010101101111111
1110110001001100000110110
1001011010000000000111011
0000000100101000001110110
0000011101010011110010100
1111101000001001111001010
0011010100000010110101000
1001110100000011001010000
1000111110011011001000001
1010000111011001110110000
