Hx:
1010001101110101110100100
0001101000001010011011011
1011101111010101111100100
0110111110001000100110111
0110100000111001100100010
1101011010001100011100011
0101111001100111111101110
1101111011110001011010100
0010101010010100111001100
1100101101101111110011010
1011000111011010011010001
0100110100010100111100001

Hz:
1111011100000010111011010
1110010101010110100001100
1001100001010001110101111
0010011011101101010111010
0111111101111100101011010
0111001000101110110100101
0100011110111000100100000
0100001100001101110000001
0010100101001101101110100
0011011100000000001010111
0011101100111011011011101
0011011110101110111000100
