Hx:
0100101100101011100110111
1011010011001100101101101
0011010100010100101101110
1100111110010011011100101
0011100100011110000111001
1001011110000110110010111
0100011011001100110110110
1001011110101010011010001
1101100001011100101011001
1100100100111001100101001
1000111001000011100111001
1100111011100101010110110

Hz:
0100110011111100100101000
1010010000101110101101100
0000001011010101101110010
0111010111111100001110110
1000010110000010110010101
0101111110110110011011010
1010010001111100101110100
1100111110111000011011010
1011110001100000101111100
0111001011101101101111101
1111000100101000111001001
0111101100100011111010010
