Hx:
1011011011101011111000000
0010100110100010000100110
1011000110100101011001111
1011001111100010000010011
0010000001111111000110011
0110110010100111011011110
1111011000110110000011000
1010000000001101110100000
0111111000001111111100111
0011100100100011110110000
1110110110111011101000000
0101000110010010000000111

Hz:
0100100000100111001000011
0000110011000001101010001
1000110101101100010000100
1111000011000011010010101
1001011110001001111100010
1111010110100111110000010
0100101111000000010100111
0111110011001000101111001
1000010010011011110111100
1001110011000110110010100
1100011100000010110110010
0110100100100011110000100
