Hx:
1110100101101010110001011
1001011100001111000110100
1100011010011011101110110
1011111110010100001100001
0110001010011001110111000
1001111011110101011111101
1111110010001101001110011
1010100111101110010111010
1001110001001111001101101
0001010000011010101001101
1111100001101111111100110
0010001001110001011001110

Hz:
0011110101111111110011011
1110010100101101001101101
1000111011110100100000001
0010101011000100100000011
0011100001110001011011111
1101111011100001100111101
0011010000001001000111010
0111100101110110001010101
1000001000101101100011001
0010110001100110100000100
1011011011010110110110011
0110111111100000001011001
