Hx:
0011011011111001000001000
1000011010100111111011100
1110010111110010101010011
0110010110110101011110001
0000111001011010110000100
0001001111000001010011111
0000011100010101011010110
1111111001110000101010100
1110011000010010011110111
0101110101111110101000110
1010001011110010101011111
1010111111000100110111111

Hz:
0000000011110000110100001
0111101011100111100011111
0111001100101010010011000
1100110001111111111010011
0000010101001000001101100
0101101101011010110111010
0011111011000100000100011
0011101100011010001111100
0001010110101010000001110
0001001101010010000100011
1101011111011100110111101
0000111010000101100100001
