Hx:
1101111011000101111000110
1001110000001011101000101
0100100011001101000001101
1110111001111101011011011
0010001111101001001010111
0100110101101100101010001
1100000010000001001110011
1100010110000101001101001
1011111000000110110101100
0111011010101111001111001
1110000100000000000000111
0111100000111110100101010

Hz:
0010010010010011110100010
1010110110010000011010111
1111000010110001001101111
1001110101111011001000101
1111010000010100001010111
0001001101001100111001010
1100101101001111011010010
0101010000110101001101111
0100011010001101111000100
0000001111110001110111111
0100000110010000111110101
0000100000100111000100011
