Hx:
1010110111011101111110010
0110100010011000001100110
1100001000110011110011011
0111011010010110001000010
1010100100100011010101101
0011101111001001110011001
0111110111001101000000010
1010011000111011111000100
1101010110110110000111011
0001000101010101100110010
1010100010101111000010011
0101101101001010001011011

Hz:
1001111100001110001100001
1011101111000100010010011
1011010111001000111011110
0001011010000111101100011
1010000100001010001110110
0100101110111101110111110
1101100101010000110001011
0010111101100000110111011
0011000100100100111110100
0110000000010010010100000
0001000001000110110011110
0110100001101100101010100
