Hx:
1100110000100110111111011
1001000110011101011000100
1111010010001011110100101
0001001110000110010001000
1101110110111110100000010
0001000100010010110110000
0001110111111100101101000
1010101001011010110001111
0110111101111101110101100
0000111101110101100100011
0101010001010001010001010
0011111110010000110100001

Hz:
0001011111111011011100000
1011011100111011001110101
1011110111011110101011010
0111101000100101110100001
0101101101011111000001001
1000111010011011100101101
0010011010010101001011101
0110001001010011110001101
0111001001111110110011100
0110000010000010010001011
0101011111011100001011100
0010011111001001000011001
