Hx:
0100101110000000011010111
0110110000010000101101011
0001010101010000111110011
0000010001011001000000111
0111000001010010001111111
0010110010001101100011101
1010011110010000010011111
0101110001001011111100101
1101101111010001100011010
1000000111100101000001100
1001100001010101110001000
0111000111001010100101101

Hz:
0010110000111110010110010
1010101000010001011001101
0101010011101000101001001
0111000011001110001011000
1011101010001010000101100
0100101110110100000001111
0000001110011111000001100
0010001011011111110110011
1100101010100011000111100
1110010011101110010100100
0010111111011100011101110
1011001001011010001010001
