Hx:
0100110111011001001010111
0000000001011001010001011
1111001001001010010010110
0001101000011110100000001
1010100001001101110100101
1101011101101010110111011
1001000111101011101101001
1101000010001011011110010
1101000000101100110011101
0100001011010111001011111
1110110101010110011001011
1111000001011111111100001

Hz:
0111010011100101111000101
1000101101100001010011100
1000010001110010101110111
1101110100100100000110111
1111101010110100011111101
1101011100101000011100111
0011110000111011110010000
0010110101011010000111100
0001001001111111010000110
0010111100011011111010000
1110001010001001111100001
0011111101010111001010110
