Hx:
0010110011111101001001001
0111101100000100010100101
1101101110011000000010110
1100100011011100010110011
0110010001101111100101011
0100000011010110111111101
0011101111101011001101110
0110100101101110101000100
0101000000101001010110110
1011011100100001100110110
1010000100001111010101001
0011010111100010010111110

Hz:
0011001111011000000001000
1111111111011110100000100
1100110000111000001001101
1000110001111001101110010
1000110101101100110100110
0110111111100100101100100
0101101010100101000111000
0001110011000100010111110
0010111110111000100001000
0111111101101110000001110
0011000101001000101100010
0111011100010010011001101
