Hx:
10101100011100111101111
01010010010011001010011
11101110100010000101001
01010110010111100110010
10100000000000110000111
00100010110011010100010
01110011001101010101111
11001000000000100111011
01110000001001001110110
11101000110010000110100
01110100111000110001110

Hz:
00100100001001111001111
11110000101100001110011
00100001100111101000101
11010001101111011110011
10110100101000001100011
10100001101110000111000
11011010100101101110000
10010100110010010101110
00010001111000001100110
00101000000100100010110
10001111111011001100001
