Hx:
01100010010001101100010
01110000011011010111000
01101001110101100000001
11010010000000000100000
00000111010100001001001
10000001110000010111010
10111101011111111000101
01110101001100000001101
10011010000111010100001
11000000110001111010011
11000111001100100100011

Hz:
10011010010110000100111
11100110000100100101110
00111110011110011011000
00111001010110110111100
01101100001000101100010
00111011100100010010101
01100110001110001011101
01100000110110000101101
00001000101010001011010
00101001000001110010111
11010010111001000010100
