Hx:
00001111111010010000011
10000011011100110111100
01000100010110101000110
10101010010101010111011
11000011110010011100101
10000001110111110110000
11100001100101010100110
10100101011110101101100
00100100010000011100010
10100111100101111010011
11110100000101101001010

Hz:
01001100101001001000100
11101111001010101110100
00100101111011111010010
10101000000101111011011
10000111011000010110000
00110111100101000110111
10111000001000101001000
10001011101111111001001
11101110001101100110111
01010001010101010010101
11100000011100110101001
