Hx:
10110100010011110011110
10110110000001000101100
10011110011011100010011
11111101011011110010011
01101100011101011010101
01100100101110001000011
11100011011010011111000
00100101100011000111001
10111011010011000100100
10100010110001010010111
00001001011110011000111

Hz:
10110011111010110011100
01110000000111100001000
10101111111100111110100
01000010110110100000100
11101100110111100010000
10110001000101000111000
00010001010001111110110
00011011010100100001110
00110111100110111011111
00101110110100101101101
00000100111000000000110
