Hx:
11110101111011111011110
00011100001100100010110
11001101010011011001110
01101101001011000100010
00101010010000000110000
10111100101000011101011
00110101010010010101110
00100110110101011110111
11101000101100100101101
10100101100010111001110
00111000111111000000000

Hz:
11111110101100011010110
00011101101101101010011
10001000100110001100110
10001011111101001010001
01010000000010110001001
10001010100110010000000
00100011111011000010110
01110010110000011010001
01000101010001100010101
00100000001011001100011
10001100100110001100100
