Hx:
01110010100011100100011
10100011000100111000100
10001010000110110110010
10010010101010001010110
10010000001110011111101
11111010010000000011010
10100100011101100010000
10101101110101011100110
00111110111011110110100
10011010010000010000101
10110000001000101100111

Hz:
11101110100001111111010
00001100001000011001000
11011111110101101001011
10110001010011111010010
01110000110100111100100
01101001011101110000100
11011011010010011100101
10101010110010100101000
10010010010000111111100
10010011001001100101001
01101101111000100111101
