Hx:
11101010001011111000100
01111111110001001010101
11010010011101001010111
10010110011110001100010
01110111110000011011000
10100100110101110111111
10101100000001101101001
10000101011011100111001
00110110011010110111101
00111100000110100100001
00001001100001011001110

Hz:
01111010101111110000110
01010101011110100001001
11110011001011110100101
01000100010010111110110
11000111111101011100101
11010100110100101000000
01010001111011011010010
00101111100101111001101
00110001000001010100101
10111110000110001001010
01000010110110111111000
