Hx:
00010010011111001001111
11101010100000100001110
10101101110000011001101
11110111001000111000010
01010110110011001010010
10101110111110100100110
00001101001111111010011
00101010011001110110000
11111010001011111101011
01010000101001111011000
10110110110100001111000

Hz:
00010010000001100101011
11011111110100010111111
00011000111111100101111
00111001100000000111110
10110010010001011011000
01100010111101101000101
10110110010100001011000
01010101001011110000110
01001101101100101101101
11100100101001110011111
00100010101011011101110
