Hx:
10010000011100100110100
11100011101000011000111
00110000010101011100111
01011100111011111111100
10001111101110110101000
00011010010111010101110
11100100010110001001100
10011111110010111100111
10011110100110010101110
01100001001111101101101
11100000001000100111111

Hz:
10000010001111111110001
01011110000011110010111
10011001011010001110011
11110100100001110100001
11100100110000001011111
11010100011001100010010
11010111111000111000110
10010000110001101100111
10000000011100011000011
11011000111101100000011
00100110101000011110101
