Hx:
01110000011111101000011
10000111011100110010001
00101011001101001100010
11000110101100000100000
00000001000111100001001
11100110111111011110011
01100100101100111110011
11001010001000100001101
01100000110101011110000
11010101010001100001110
10001111111001111110111

Hz:
01110110000110010000010
10110100000011100000101
01101010010100001100001
01111010110101110011110
11110001011111011011101
11101010010101001000000
10110000111010111101101
01101011000111110100111
00010011100100100110101
00011101111000100110100
00011000001111011000111
