Hx:
11001110011101100011011
01100110000101001010011
10010100011101010111011
10101010000110111101100
11111110110001101111010
00011011101010101001100
10001001101111011011111
00110001110001011110011
01011100001011111100011
00000010011010100111010
01001110110001000010000

Hz:
01101100101100010101011
11011011110110100110100
10110100110110000111011
10101111111001111001010
11000111011011100110110
11010001011000010101001
11000100010110100011111
01001011111010001110100
10101100101001111100111
00111110110000001110101
11011110011010101110110
