Hx:
00110000111100110101001
11000110010110111110010
00100011010100101101000
11111011110111010110011
01001100101001011010111
10010111100011001110110
00001001010001011011000
10110101101000011011010
01011001110011101000011
11100000100100010111011
00110010000111010110111

Hz:
01001011011001000011001
01100010010001101001010
01111010111001100101010
00001011111010101011001
10011010010110110101101
00100100001110010101010
11010101001011010110110
11111010001110110000110
00100010100010000000100
01101001110110001100101
11110100101101110100110
