Hx:
00111101111011100110011
11011000001111100110010
00101001011011111010000
11001101100110100111000
11101001111111100111111
00110110011111100001010
01110010101100111011010
00011011000011010100010
00111001101101011010101
11010111011010110110101
10010111010101111111000

Hz:
01100100111000101110011
00000010100100100010110
01001100110000011000000
10110100101000000001010
10001001011010110111011
00010101101111011001010
11110110011010010110011
01111001100111100001011
11001000000000011010000
01000000101000111001010
00010100100010001001100
