Hx:
10111111000111000101110
11011011011011111011110
10110000101101010011000
11101001000111101110000
11101110001001001011011
11110111000110011010000
00001010101100010110000
10101111110110010001101
11110110011000110100011
11000001111100011010110
00100111000111111011110

Hz:
00011101110000000111000
01010111001000011010000
11000110010010000010110
00111100010111111010011
11000101011101100111010
11100011011101010111000
11111110100010000011000
01010000101111010111110
01011010110000100011001
10111110000110000011101
11110001101101001010001
