Hx:
11011011110110101011101
10001110010101001110001
01100111110110100100000
10110011101111000110000
11010101110110000000011
10111110010110111101110
01010100101110111001000
11011000111011001110110
11111010111111011011110
00001101110100101101110
00111000110101100110100

Hz:
11100011000111110101101
01000100110010101000101
01100100011101011110011
01111111111100111101001
01110100001010110111111
01110101110110110110011
00101011000010001000011
01001011001010010000110
10001011100010011010111
10000100001000011110011
10010000111000011001111
