Hx:
00000110100110101010011
01101001010001001101111
10011010000001110100011
01110111000111101101010
01100010010100010000101
11011010100110011001000
10000010101000101101100
10110110000001111111111
00101010000011100000101
10100011111000000100000
11111000111011000000110

Hz:
01110001001111000110001
01011000100100101100000
01010110011011111110111
11111100010101011111011
11011100000010011101010
10010100110011100110001
01011011111111110100110
10010011101100011111110
01010000111111100101100
11110011011011000001000
01100100011011110111000
