Hx:
01101110110001101011010
10001101001101111110000
00100100101100110101100
11110111111101010000111
11111000110000010001000
01000011011000101110011
10000000100110000000001
01000000100000000101000
00100010101101000100100
11010001111010010001100
01111101011101001111100

Hz:
10111110000110001010101
00101111010101000101111
00000000011100100101111
00010111001010101101111
01011110111001011000001
11110110110100010111101
11010101000110011110001
01111011111101001000000
10110001100101110001011
10010001100001011100110
00100101000100011010001
