Hx:
01111111010110100001110
00000010111100111010100
00110000011100010100001
00111001111110001010111
10000110001111000011101
10000000100000010011100
10011101011011000110111
00011110000000100010110
00011010001100110011111
00101100110100001001011
01010000100100011010111

Hz:
10001101011110110111001
00011110011011000011011
11110111011101011010110
00111110110111001000110
10001010111011000100001
10011100000001010111001
11101110101001000111001
10000100000110011011000
11110101101101001100001
11101000110111010101011
11001010101010101111000
