Hx:
10101011101100001011100
10110010001011100101110
11001001001100010100100
01111100000100001110010
01111011010110101111001
11000101101101111010001
01010101100100011000101
10011000001100010101101
00000000110101010011111
11101010111011101100010
10111100010011101111111

Hz:
01100011101110101001001
10000111111101011000111
01000110000000000101010
10010000010000000011100
10011011100111010111011
11111000100001011100100
11101000011010111110001
11000000110101110100111
11010100001011011001001
01101111111011101100100
00101001100011111101000
