Hx:
11111000101101110001110
10100010011111101000100
01111110111001100111001
00000000111111000101110
10100001100100010011110
00001100101100101001100
11100011111100110010111
10001010101001101010001
00110111111100010000011
11000011001010111000100
10011100111010100000110

Hz:
10011011101111011110110
00010011101111111010101
00001111010110011001111
01001100010100111111000
00101101001011110111101
11110111000100100100111
01100011000101111001010
01111000001010100011010
01000010101100000100111
11101101000010110101011
01101100101011010100010
