Hx:
11001001011001010101001011010
10100011010100011010110101101
11010110101111000110101110100
11100001010101011001111111010
10101101010110100011101010101
10000110100011111011100000100
11100001110101111011110110000
10000101110000001111101111001
00011100110100000000110100111
10100001110011101010100101001
00111110111011110101000001000
00000101001101000101101010100
01111010001100011101011001101
00000011110100001110111000111

Hz:
11011000000110010010010110010
01001010011000010001101100011
01101011101001100111001001011
11110010101010001111001010110
01101011011110010111101011011
11011000001100101011101111001
01010111101110011011010010001
10001101100001011001000010111
01011101111000101110100110010
10111011101110011001110111001
00101000001001000110100111100
01101010111100011001011010100
11001001011011111100110000110
11100011001100100100001001111
