Hx:
11000100010010000100011001001
01010100101110100000101010111
11100110100101011000101101100
11100011111000010001000010100
10000000110011111001111010010
00101111100101110001111000111
10110111100011111011001110011
01010011100111100100010101000
11010011000010111010011001011
01101110111101011001000010010
00101101101111100001001101001
10110011010100010000011001110
01110101000011101000101010011
01000110100111111000001100100

Hz:
10010110011100111111000110110
11101001101111110000110111011
10101101001010100000100011110
01010100000000011101000100111
01100010011000111011100001101
11011010111101011100110000101
11100010011011010110110000110
01000110111001111100010001010
00010100100101010011000000101
11111010001110010010011111100
11010011001111010111000010000
00000001011100010111101001110
00101010001101000001001001010
10001000001100000100000101011
