Hx:
11010100111001111111100101010
00001001110110111010110100111
11000100100111011111001100110
01100000011101111100111001001
00111110110001111001001110001
00001000111110100001110100110
10010111001100011000000111010
10110010000010111001010100111
10111010100001001011000000001
11111011000110011010111000100
01100111101000001001110100001
11110100001101101001100110110
00100110111100000100110010101
01001001101011101110101101100

Hz:
10010111000110101101010100001
10111011110110011100110011011
10011101100011001010000101111
10011011010010010000000010100
11011101000110100010011011010
10010110010011101001110000110
00100001010111110101100101011
10101001111010101111000111111
11111101011101110110001100000
01000000001010111010110101110
00101010010110111000100011000
00001000011100001101010101011
01111101011100110101101100110
10011100111011001100101111100
