Hx:
11011010110101101001100100011
00101001000001010000111001000
10101001001111111110100001011
11101011011111001001110010110
10110110110111001110011000011
11110111111111000101111001001
00101110000111110101110101000
11010000100100001101111110011
10101001101011011101010101000
10111111100100111011100001000
10000000100110000110100011101
00010001100100111001111001000
01100000100001111001000110011
11010000101000111000001010000

Hz:
00111100001111111001101000100
00001001111100110100101111101
00001101111001111011010011101
10001011101000101110111101000
11010001001110001101101001010
11100000110010101100000111010
10001011100100011110011111001
11010110001010000011011110000
01001101011110100101111001001
11100101011010000101010111110
10110100101011011101101111011
10000100010001110100111001101
11100001001111111111010001010
11011100110110011111111011100
