Hx:
11010101110010101100000011010
01001111001011011011101010010
01010001010000110110010000100
00101110000110110100100001100
10010110111100101111001111111
11100010101110101100100111100
11111000110001000000111111100
11110001100111001100010111100
00100101010001111011000010101
00001101111111011101011101101
10001111110010111000001110001
00001011100100010010010100101
10000101110011011111100001011
11011101010000110000111011001

Hz:
10000110101000000010111111011
10001001111111100011110000101
00111001101110011001011011010
11111000111100011011000101111
01101110100000010111010101110
10111101001101100000100111111
01000011101111101011010111100
00010111100000110100111100000
10100100101001101101101011001
10110001111000111000001100111
00101100011100101111001110000
01101001110100011000011101100
00111010010000110110011001110
11101000101111010110111110100
