Hx:
10001011010011010000111000010
00110101001111000110001000001
01001010100100110111011000010
00000111100001101100100001110
11000111011100001111010101111
10110100111101001101101011001
10001111110011010011001101101
00010011111111001011000000011
11111000100010011101010000100
11000000011110111110101011001
01010110100100101001011110111
10001110000010111000001010110
11110011100101011001010100010
00110110001010110111111110111

Hz:
01111011000110111111000001111
00101111111001010110000011101
11111000000100101100101001101
10011110100111011000110110001
01011100000010110000110100011
10101100010011100101111110100
10010111100001000111100011110
11110000100000100101010101001
00101101011000001011001001000
10111111001110101010011101111
00110111000110011010001000110
01110000011000011111100101111
11011010101000101000000101010
11011100100100000111110110001
