Hx:
01000011100000001100011001111
01110001001011010100100100100
00011101100110001001110010110
11111101000010011011111110111
11000110001001100101101110100
11001010101011001101001100111
11001001100110111011101001010
01011110101111110110010100001
11110100110110001101110010100
01011111001011110001010011000
01001111101100100010010011100
10011000011000000001000101110
11011011111100000000101100011
10111000100101101111000110001

Hz:
11110000111000010111101001111
01000100001000010000100100111
10111101101110101111101111011
00001011000001100011011110101
00010011000010001000001111010
01111100011111110000011011101
00110001001101101010110000001
01000001100000001111110100110
00011001010001011010110111011
01111110110001111101111000111
10111100001000101100000110101
11111001100011011000000001111
10111010100110000101010100101
00101101000100011101000110100
