Hx:
10000011010000000111010001101
11110110111000000000001010001
11000000101011101101110010001
01110000111001100011111111101
00011011011100001011111000010
10011100101011101000011000101
01101001111110110111000100001
10001110101101000001001001110
10110010111011110110110110000
00100101010100000001000010001
01001111010001111000101101111
00101101010001100101111100010
01000111111100010010010000000
10010110000100010101111100100

Hz:
01110100001000001111000101111
01001110100001100010011110110
10010010110011001111101001100
11110101100011011100111001001
10001110000111100111100111000
01000111011111001000011001100
10111111100011101001100101110
01000100011100111000101100001
01100110110100010100010101100
10010010100010100111011101001
11011111110110000100011110101
00010001111100001010001100001
00010101110011101010111011100
11011000101111001110010101011
