Hx:
10110011100011100000111000110
01001101111010111000110001010
00011001000101010111010010111
00001001010110000001101011101
01110000101100001011010101000
00000011100000000011111101010
10111011000001111101100011101
00110000101111110010010000011
00101000011000110110111000011
01110100011001010011011011111
11010100011100101010101111011
01110100011001110011100110010
10101011010111010110100001010
00101111111011001100010100010

Hz:
11010101000101111001011101100
00000101001111100010100110100
01000010001011100001010000010
01001010101011110111100110001
01100011010111000010000111010
11101001010011000010111010110
11100110000100010111000001100
10000000001101110101100011110
00100000110110110000000001000
00011101001011010001010010011
01000100100110010101010110101
01010000101010100100010011011
00100100011101001010011010111
00001101110101010011110001011
