Hx:
01011111011011111011110010011
11001000110001001010011110101
10111011011001001100001001101
00001110010010000011100000001
00010011101011001110001001001
01111001100110011001010011010
01010111110100100100101100111
01000011110010011010001000111
10000001101110100001010001000
01000011010011010111001010111
00010111111010011101101000100
11111100110100001010111011100
11001101010110110111111110110
00010010010000000010111011111

Hz:
10101111111100111011001011000
00110101010110000101101000101
01110110000101100010100010010
11111110101000110000111111010
00010111000011100110000001000
10001000100110101010000101101
11001000010100110100000011100
10101011000010011101100110001
10101111001010000010000100101
11101000111011011111100011100
10001100111100100000101011010
11011011001010100100011010111
01001011110110000010101010110
10000011001001001001111011101
