Hx:
00110011101111010010001111001
00111110001101011010100010101
00010010000010111101110010110
01000100001011101011011000010
11111001001000100010010100110
11011111000001100000011000111
10101011001011111100001000001
00100100000110001010110100101
01100101110000011110111001110
01010100101110110110011100011
00010001010001100011111100111
10010011111001011011111000111
01110001111110101100101000011
11011000100110100111011101100

Hz:
01101111101001101000100110100
00000001000110100110011110011
10110000000100001000110000001
00111001001010101000000110101
11001100110101110101010000100
00100011000100010001011010011
11100000110001011011100000111
11101011001101101000111100010
00010110111101110000001101110
11000010010100110101111011110
11011100100110001110001101000
11000001010000011100011111100
00001110011101110000011001001
10000011000010000011001000101
