Hx:
10110011101101111100101011111
00010011010101111001101100110
11111010101010110101010001000
11100000011111101100111000110
10111110001101100100010000100
11010110001101100101101111111
10001001011101110011011001010
00001001100001100001100111001
10010010101001100000010010000
00000111010010111101100010101
10000100111010011000010101101
11100110110101011001000101100
11000111110010110001011111001
10001110111001001110001100010

Hz:
01010011001100100111000101011
00000110111001011111001100110
00001101011100100111010110110
01101011010111100011000011011
00101111000001111010111100100
10000110001101111000010100011
00011010111100010000101000101
10000110000001101001101100111
00000001001010001100100011010
10101010000011111010101101000
11111010111010100110110110110
10110011000101110110000111000
11101111111100111100010101000
10010101000101101111111010010
