Hx:
01110100110001110000000100110
01000101111110110000000100110
00100000010111101110101001010
01110001101100101110111001110
10011001001101101001100101010
10100010000111100111101011111
00100011101011000010010101001
01101000011110010100010100101
10001101110011011001101111100
10000110010110101101111101110
10010111101011100011110011011
10110101001100100011110010101
11010010000001100111101111010
11011100101111001110101111111

Hz:
11101100111000111111011110110
11100111000011011100100110000
01011100110010010010000111101
10001000001010000011001100010
11011111011100101000100011100
11011110001110001100001101001
11000011011101100100111011000
01001000001001101110111111000
10101110000100010100110000101
11000011000100110111101011010
11001001110001101001001011100
00010001110000011010011100101
11011011110110111110111111100
00110111100010011010101011011
