Hx:
01000101010101100001011110101
01011110110101100000000010101
01011111110110101101100000001
00100000111100111110101001000
00011010111101010110010100101
10000111011000101000111010001
11011101000101110110111110000
11010110001101100010011011010
00110111010101010011001110111
00111101110010010001011110001
01011011010111101011000000100
00010100001000110110000000111
01111010111011111100100010111
10011010001110111101011000001

Hz:
00001101101001000100101011100
11001011111011010110001101000
01010000111000011100010100000
01111110100010110011101011010
01001010001000011110111001110
01101001010100001100001110001
10101111001101000010101010010
00010010101101001101000001001
11010000011001010011111010011
10101100100100001110100011001
01100100010111100011111101010
11110001000000111011011100110
00000100110000100111111011011
01101111110001110100011001101
