Hx:
01111101001110010100110101100
01000101011000011111010011110
01011011111000001010011000010
00100000100011010000100010001
10101111101111100100001100100
11100100010110000101010000111
00101000110100010011110000000
01000100011001000110011000011
11101110011110000010010111101
00100000000100011100100100111
01010101110000000011111010011
10101100011111100100111110110
10100100110001110100111000010
01100111011101111001111111100

Hz:
00011111011011011000100011111
11111001001100011111111101111
01010100010010101101000011000
00011011001000100011100010100
01010011110111101011011010000
10101110011010000010110000101
00011111111000111101010000010
10111110001110101011010011111
10100011010000101101100100100
00000111101000100100011001001
11010011000010101011001110110
00010110111011000000110110101
11100101110010101001111101110
11110110000001110011000111100
