Hx:
01101111001100111100011110110
01101010111001000000110001111
01010000100110101001010111001
11100110001010100000110101100
00100011010010000101100000000
10111011111001100000011101111
00100010011010010101110010010
10000001100110101001000100110
11110011111001000001100111101
00010100011001010010010010100
01111010100000101010101001101
10010000110100001101101100010
01000100001010011001011101010
01111100001100101101010011110

Hz:
00000000100010110101110000001
10110010011010100001110011111
11100000100010101101011010000
10001110001101010100011011000
11011011000101100100111111010
00110010011010000111010110010
01111100011010110011010110000
00110010000011000000111110001
00110010000011110100010001001
10011010110111110101111100100
00111110011110010011101110110
10101101100001011001111010101
10110100010111011110001110100
11100001110010011011101101101
