Hx:
01100010101100100010001010100
00000101000100010101011010101
11010001000011010111110101011
10100100111000111101101011001
00000110100011000110001001101
11000000011010111110111111011
10100100010000000111100110110
00111000001011111110010111101
00101000001010100001011111111
01010111001001100111100011110
11101010111000100001101110101
00110110100100010100110111000
01110000000100101010100101011
00001000110000010010100011101

Hz:
01100110011100111001101000100
01110101010101111111011001000
11111011111100001111011010100
11111111001000001110011011111
00100101001101000010101000111
00001000000000001001101010011
01100011010010100100110111111
01100000001010111110000010001
01001100011101110111101001000
00010010001010110011100101000
01110101111001110101010111011
10011101110110010011100101100
00001101001111000101101110001
00111100011011101000111010101
