Hx:
10011010101101010010011001110
00101110110100101010010100001
00000111100111010111110110111
00010111100001010001100101011
00111001011110000101100010010
01101001010000001000011001011
01011001011101100001110010110
01010111101010111011111110111
00001100011100000001101010001
01011101000011110100111101001
01010110100100100100111111000
11001011100010001100010111011
00011110010001010010001000001
00001111101100010111010101110

Hz:
11011111111111110001000010011
10111011100100101111111001001
00111010100001010010010011100
01110000110110110011100000010
01001010101100011011110110000
01000101111111001010011000011
00011110101010100000011111111
00111110100101010001101111011
01010010100101101100011001110
00010100111010001001101001100
10101011110001111110000000010
00101110110001110111011111100
00100011000011110111101100101
00100111110000101110011001001
