Hx:
10011100101000000110110000101
01000110101001010001101000011
01100100001101111001110100101
00001101110001101010001110111
01101110110001010111010110101
11101111001101110110001110101
11011111110000011010110000110
00000000101100010110001000111
00100000111001111001010000010
01001110110111010010011000111
10111110101100001010001010010
11011101010001110110100100011
01101000001110100011001011011
01111110010000001001000100011

Hz:
11100011110010111000101101100
00111100001010001010101111111
11110010011001010001011111010
00110100011001110000001110001
00001100001100011100100101011
00000111101100001101101110001
10101110010001110001111111110
00100111101100100100101110100
10111011001100111001011100110
00100111110011101100100011101
01000100111101101101100000110
00001001100010010000000100000
11101000011010001001011001000
10000000000101111111000110110
