Hx:
11101000110010100000001010100
01111100000010111011010100010
10110101110011010111011011111
10100101010100110101110001101
00111100110110100011010111100
10010111100001001110110010010
11101000001101100011111001001
00111101111110111111011011000
01101100011101110111000100011
01010011011000101011001000010
11101010101010101111111011011
11111100111000111000100100111
00000000010100101101101011110
01111001000100010111011011010

Hz:
01101010000110100111010110010
00111100100110011111010010100
01110001000110001010100101110
00010100110111101001001011000
01100101011000010011100000100
00101010111111100100001111010
00101100011010100111100011010
11001110101010011101011010101
00100110110001101001100010111
11111111111000111100001110111
01000011111110100110111110100
10000011010111111010010010100
10010110110110110011111111111
01111001010001001101001101111
