Hx:
110000000001100000010011000
100001001110011010000001000
110110000101111000000010010
010010010110010111110101111
101010010001011101101001101
000110001100011111101110110
010010011000010110000100110
101001101010011110110110101
010111100000001111010011001
011011111010011110010111100
111011000101011010001110111
100110110011111011111011001
111011011001110110101100111

Hz:
111000111011010000010000001
101011111000000000001101000
011101111011001101111010111
101111001110010001101110001
101111110000000010011111000
100010011011110101100110000
001100111110011001011001100
101010000000010011111111000
110011001001111100100011101
000011000000101011000101010
111101001101010110000110110
110000101010011011111010111
000101101110001101100111100
