Hx:
101000111000010010010101000
000000101010110101000001111
000000011001100011101001010
111001000001110111010001001
110011001011001011011010111
110100001110101100111110001
100001100011110000111001001
000000001000000111100111110
000011011100110011001001010
101000110000110101001001001
110010000000000100111100000
001101011001000110010000110
000000011010011001000001101

Hz:
010100001001001001111010110
100000110101001101001100100
100101111000101000110100100
000101110001101111010000011
111011110100100000100000011
110010000000001001101110111
111011101100101100101010000
011000000011101010101111100
100011000100111111011111111
011000111010011011111001011
000111011110000110110010100
111010110000011010000101010
110001001000110010010110111
