Hx:
001101111001000100111110001
110100110101010111000011100
110010110001010000010011000
010000010011110011111000001
111100110001010011011110001
001101100111011100010010001
011011100100110101010000111
110010011010000101011100000
011100100101111011010111110
010010111010010010100001001
110001110100110100101001101
111010001100101011110110001
000101010101100000110000001

Hz:
001100011100000111010111010
001101000101100011111111101
001111110001011000011011101
111011111000110001010110100
111001011100010111000000001
001011111111000111111001000
000111010000101000110101110
111101001100001001101111100
001101111100001111111001010
000111110110110001110101101
111001011100010101111010011
011011001111010001100100100
110101111100111001000110111
