Hx:
000110010001101110000011001
101110010101110011001010010
001101001101011111111001100
000100000000001110110000001
101001110000010101111000100
001000000010100110100000101
001101001101111111000000100
010100100000000011000100011
110010100001100111111010101
100001000111010011110000110
101100000010111100101110101
000011110110000111110110000
111101111110111000101111000

Hz:
111010100101101001011011010
011100001011010011101000111
110101110010011111000010110
011000111110101111100110010
101010101001001100010001101
110011111100000010101010010
011000100111111000001100001
010000111001101010010000101
001001010010001011001101110
001100111010110101010110111
000000101001011001000110101
100100011110101001100010011
100110111111111101010110100
