Hx:
111110011100001111001010101
001101101011010101101001001
000011111101000000100011001
001100100100010100101100111
001011101001011101011111100
100110010100011100011010111
110011000110010110000111000
010000100101010010111111101
111010011111101100100101110
110001011110111000110111011
010100100101010101010110011
011101111111011010100111110
010001100100101010100011111

Hz:
000110000111111010100010101
101111000000100101111101110
011001000100000001000010011
100100001001011100111001010
011000011010000101100010100
111011110111100000100110100
011111100100010011110101100
100111000110110101000111001
111001010100000111101000100
000001110111011000111011100
001000101111011011110011001
100100100111001010011000101
101110011000010110100100000
