Hx:
011110110010110111011111011
100001010100000010101101010
111000111100111001101100101
101101000011011011000000101
000011000110110000101000000
000001110101100000111111001
110001101001100000101000001
000000000000101000101000110
000001110010010101100101000
011011111000111110011011010
010100111111101110111001100
010111100000001011100000001
000011101111100100010001101

Hz:
111110110110011100000011101
111000101110000010111001000
001001111010100101011111111
001111001111010101001110100
110110001000010000010110001
101010100110010111000011000
011101100111010011000011000
001011110001011110110000000
101010001100100101001010110
110101001000101111101010111
011100001111111110000001110
010000101110001010101001011
100101010010010110001011101
