Hx:
101010001101000000100010000
010010000110001101001101011
101010101010110101100101100
100101110000100110001011110
001011100100110110111100010
011001110101001000110101001
001001100001101100011011110
000101110000010101000101110
001010111101101110110111011
011011110001010111110111011
001111111010101001001101110
001111111111001010101000110
110111101000000100010000101

Hz:
000110100011000110111110001
110010000001000101100001010
100111010010100110100011100
100001010100000110011101010
111011100010110100100101111
101000100001011100100000011
101110100100110101111010101
100111001110101011001101011
101110110001000110001101110
100001000101100111010110111
101011111100101001101000001
010100001010101110111100011
101001101101011011010111001
