Hx:
110001110110110111001111001
000100101101111101001010101
001010101001010001100111100
100100100101101010110110100
101000001110110100100000111
100000101111011101100101101
100110101000111100111110000
100010011010110101101101111
010011001111100111110100011
101011011010110000111010100
001100010001100001100100101
010011111100010111110000100
111110111000111111101001100

Hz:
101000001000101001010101101
011101100101101001100100011
110011100100111011101000100
101100110110000101111100101
111111111100001111001111001
010000111000010010111000010
100010011001011100011110011
110010100010000100101000110
010000011101111110111001101
101001110010001011011010001
111110101100001100110100000
001100100011011110000011011
110011111110011101001001000
