Hx:
011111001100001010001101001
011111111111011111010111111
110101001011101110111111010
011110111001010100000010111
010111110101101110111100011
000010001000111101101101001
000001011011001001000010100
001011000011100101101110010
110000110011100101101010101
001010100010001011111101001
001001010101101001010000110
110111000110100101010101101
111111001011000011101100010

Hz:
111001100011101111100110000
100010010010101001001100000
010101000101010000111001000
011010100010001011000000101
110000000111010111000000101
010001010110001100001000001
000011001101111100101011101
110111011001110110111011100
011011011011110111011011100
011010010111110111000101001
011111101110111101110010010
010100110100100111101110110
001111110010001101100101101
