Hx:
001010001101010110111110100
111100111001011100011101100
010101001010100011101000101
100011000110101000000110011
011010010010110001110001011
011001110001100010100101110
000010001100110100011110011
010110001111010010100111011
111100000101001101101001110
011011100001110001011111101
100110011001101111111101111
001010101110100101011000011
111011010010010110101111011

Hz:
010011001111101011100000000
100010110111001000110110101
000011011101100100010110011
011101010100001000011010111
111110101001111011011001011
111110111101111111110000001
001000111010010011101100111
001101001100010000001000111
011110110011001011100000101
100011011000010010100010000
110100101000100010111011001
001111110111010100011110000
100011010000101101100101000
