Hx:
111010000111101100110011011
101111111100110110011111000
001001000111101111100010010
010101101100101100100111100
011010000000101101010010010
111011101011001001010100100
101000000101101010001011010
110000100001100110101010011
010111110111100100011110101
011011110111100010010110010
011100100111110001000101011
000000100100011000111000011
111110000110101000010100011

Hz:
000110100101000101101110100
111010001100110011110111011
001110010111101000000101000
000010000110001101011100011
001000100011001011011001100
110100000001101010011110010
000011100101100111010101110
001000101010110110110011111
000111001110111101110001101
000111110000010100111010001
010010111011010010010111001
100100110110010001111101000
000001011100001001110111000
