Hx:
010110111111011101111111011
011001100001101011011100110
001011010101011100011011101
110000100100110011101001100
001010100000111101001000000
001111111010010111111010100
101010001000010011011111111
010001111111000101110101010
101100011111011110011101110
000010011111111010010011010
101110101000011110010010100
100101000010100011100011110
000100101101110000001010001

Hz:
101100011010011001110001111
010101111000110001100011100
100001010111011100001111101
011011000110110000000010000
100100011101100100000001001
001110110101000011010111101
110001011100100010001001100
110111001111100101010110100
110111011100111101110101011
010100000101000100101100000
010101100101101110010101011
011010001101010101011010110
011000010001100110001110010
