Hx:
000100001010001000001001111
000011010100010110011000001
101101000100101000100011011
101011100111011000101110000
111011011011001110110001111
011010100100110100101101001
010011010100110100010010110
110000001101010000110111010
101110111111101100101011000
100011001000010001001101110
011111010101001111010001111
101110000001100000111100010
000011000000011100111000110

Hz:
000100011000001010010100111
110101011100100011110110101
010110100010100100000100000
111010101101000100101000000
100011110100101000011011010
100101000011000101001011101
110010101011100010111101000
100111110100100111001001111
111110110000111111101001110
110000110111010000101111010
110101110110101010000111000
010101101111110001101110000
100000000011001101100100101
