Hx:
101110000000100010110101111
111001011011100100001001010
101110010010110111111011100
001111100000101110011010011
111111101101101100100111001
111001010100011101101011000
011011100011101011010111011
010100111110110000111011101
001100011100101000111101110
000010000110110011110011000
010010010100000101000100101
110011100001010011110101011
111000001100100011101110000

Hz:
011010010011110011110111011
111101011100011010010000100
110011110111101010010100110
011001000110001011100001011
011011011111101001011100010
001101111010000110100110001
010101111000111110101000011
100111101101110100010110000
011000101111100110100101101
110101101111101100110110000
010101100111100111100111110
111111000010100100111110101
001001010011010101110101111
