Hx:
000010101101101101001100111
100111101110101011101010000
110011010000111111101101100
100111100010010011001011011
001010100110001110010101110
110110000000011001010101111
101000010011010100101011111
101100001000011100000100101
001001101100101110011100010
000111110000111010101010111
010100011101110111100011001
010101010011111101001110101
111010000101111101010010110

Hz:
101110100010001011010100001
010111100100010010000101110
001000101110011101011011001
000000111111011001101100101
111110110110101001011000010
110010101111010001111111101
111000111000101100111110111
000111110001110010011111110
100000101111001101000010010
011010010000110110101011011
110000101000111011010111110
001011000010010011100101001
100011111010111100000100111
