Hx:
000011000101000110000110001
111011000100001101101011001
100010110110110100001010100
000010110001110101011001010
011000101101011111011011011
100001111011000111110110110
000011100101010000110101111
000111010001100000001000000
100111110000111100101100111
100001000010000001010101100
001001110101110100101000010
010100111000101101001011000
001100111100101010000101111

Hz:
100010100110001100111000111
000111011001100111000011110
101010001001011001000001110
100011010111001101010111111
010111101011101100011111100
110111110000110000111000110
101011010110011011011000100
001010110110111000001001010
001001101100001100111101010
101111001001101011011011111
011110111011100100011111011
110110010101110111101110101
000101011001010000000001000
