Hx:
001001010101100001101011001
000000101100010011010001110
101010000100100011000111101
001010000001001100111111111
010110111100101111001100101
010011011011101100110111100
110101011111101010011011110
111101010100110101011110111
001001001101110000100001100
100100010110010100101000101
110010001000110110010011100
001001011111110111111110110
000001010101001001011110101

Hz:
011001111111011100000001100
001011111010101010000101111
001000100100000101100101001
100000100111011110111110011
111000100100010000000000100
010010010111000000101010100
000001111111101110011000100
110001111011100101000111111
000010100000011110101000010
110010101001110000000100010
001110111101010101100000010
101110010001111000001100011
000010110101101101110000000
