Hx:
001100100101100111101001001
011011001111001110001110101
001001111101110000100011100
101110101111101101010110100
011101001101000000111011000
101101110010000001010011000
010011111110000100111000000
000011110000101010101011111
100000100010110001111110001
101001001111101000101100110
001111010001111101011000000
001010010111101001011001010
011111100111101001001000110

Hz:
110100101011011011110111101
110100101000100010111000010
010101101111100101100010010
011111000010110001110111110
000110100011111100110000100
010111000100000110111010000
100000011111010100111100001
000101011100100001101011001
110110111011101001101000001
101010001101010111011000111
011110110110101010011000111
010110101110110011101111011
101100100110000110101001111
