Hx:
011001111110010100011000100
001111001011100000101000001
011001001111010001000011000
100110010011000110010110011
011111000100111110101000011
111110011111101110101111100
000001110111000100110100011
000001101011101100110101001
010101001001101100100110111
101000001000111001011110000
100000010011110011101101100
010100011101010110111011000
101010001101101001110101011

Hz:
100011001001001011010100100
000101110011010100001111101
000000001111110001110100111
111101100110011010001100001
001001001001100000101000001
100111101011011111110111111
101101100110010110110110011
101101001011000001111000010
110001011010100100110111101
011001111101010001101100110
100110111110000011100011101
110001111010111001011111111
011100011100100101111110000
