Hx:
000110101011010101010110100
011111011000010001101001000
000010010101111100001111111
001000111011100000011010110
100011101111100010110110110
010110111101110001100001011
100000111011001011010101001
000110000011010001111110111
101010001101010101101111011
000100010000111111110001100
000100001011100001111011101
101010001010010011010100010
101011110110011100110011110

Hz:
100001011011110000010100001
001100101110011111001010000
101111010110101100111011010
111100010100010010011000110
110111000100101111001000000
101001011100101101010101100
010010010110011101010101101
101011000100010001110000001
001100111010000011010111011
010010100110101000000010001
000000111000100111110110111
101101001100011110101101100
000100011000100001000100010
