Hx:
11000110100111011011010110010111001
01101100000100111001110010001111100
01011000000010001101001100101111010
10010101001010010110110101000101110
01000101101111001100011101001000011
11100110001111000111011110111111111
00001110011111001001100100101101001
11011110100010001100100000100111000
11010101100100011110011010000101100
01101010100111000100101100101101000
11011101011011101101000011110110100
11011001011011110010011111011100011
10110101110010010011000100010001111
11001011011100000011111111001010100
10110101011000000010111111100111110
10001011101101101111010010111101010
00010110000111100110101110100110111

Hz:
11001011011001101011100010011000011
01001101101011010001111110000101000
00101101111100000111111101001100110
00111001101101001110011011111110110
10000011010110100010110110101001111
01000010101111011100100000000111011
01101001010100100010011100100100100
11010001101110110110000001010110000
10111011100100001101111001100100000
01111100011111111001001111111010010
11000111001010100110010100110010100
11001100111011010010111011011111100
01101011101011000100101000110011000
01011101001110001100101110101111110
11001101000011011001010010001011100
10000111110100101100101011001100010
10010101100010000000001100011100101
