Hx:
00001010001111101100101010101111100
11001100101110101110100011011010100
00010010101111110100111001101001001
10001001110000011100110011000101000
11010100000010010010011010000000010
10101110011110011011001100111101000
00110101000000111100111101011101100
11111110111000000011000100011000110
00101110111111100101011001101111100
10100111110110000010011001001000100
11000100111110001000011001100010100
01101001001010010010011001010101001
01011011001011100110110001110001100
11001001010001111001110110110110111
11001110100011110110100101011000011
01001100001010011111000111010101110
11100000011011111011111100010100100

Hz:
11100101110100111111110000110100100
01011000101111110101101110110111001
00001011011011101001011000001011111
01011000100010101000111111101001001
01010111010001100011010111010001101
01000111100000010100011101111010011
10001011001001110011000010101001100
11011011100110110111110000011111110
01110001001000111110001000101101111
00010101111011101101000010011000000
01011110100100000111001101011000010
01101011000110001100100101010111001
11100111011001011100110000011111011
10001110010111111011010101010110100
11011111011111110001110010011111100
11101100111111111110101100100101110
00001001011001011010001000110011010
