Hx:
11010111010011000010000111101001101
01100010100001111001011000010000010
11111010111110011010000010010111101
00011110011011011110001101011100001
00110000100101010100111010100110100
01110110100111100100101011100101010
00010001110011100101101001100110001
00000001100000110100110110110111001
11000011001001110110000001110111100
10111011000100010101000101001111111
01001101000000101111000110111100001
00011100011010101101110001011111100
11100001010001100101100110001111010
00000101011011001000111111111100001
11000100010011011001100100011101111
10010101101100011100000000011101010
10110011011001001101001100011100111

Hz:
10111000110101010111100001011101101
01111010000100111010011110101110000
10000011000010001001001101010100010
11010100011111010011100110110111111
00000101110111010111111011101011100
01110001010010001011001100101110011
11101110010111010110000001101011111
01110100001011011000101100111111110
00011100001111010011011100100000110
11010011110101011000010110000101010
01101110011001011111111011010101100
01010111100100110111100010001000101
01001000111000010101101110101010010
00101001111000100101111001111100011
00111011110011010011110100010001100
11101101011011110010111011111011100
00100100000111001100010000011100010
