Hx:
01001100011010001100010010110110011
00101110111010100000101001100000010
11011110011111011101001001110100101
01111010010101110000101001000110110
10111110001111100011111110001110000
11000001010000010100110000101101110
11110001010000001001001010110010001
01000101111110101011011110010100111
01001111110110001111111011101010101
10000110111000110011010100000001100
01001110000000110101111010110101110
10011001100111100001101010000011000
01110011001001001001100011010110001
11110011101100000000100001110110111
00001101100110001110001010100101000
00101111000110010011010010111111000
01000101111011011101010110000001001

Hz:
01100001010000010100000101100110100
01000111000101001110110100010111011
10100010111101110110110000000000111
01000000101010000000000111010001001
01110100101100011110011100111111000
01111010100000111110111001011000000
00010000000111010111100011000110110
01000100110000101000111010101010111
11101101000000100100010001010000011
10011001001111001011101011100110011
00110111011111010111000011100010100
01010010100100001111000010001101101
11110110001111110011010110111111111
11100101001010111011100010011101000
01000011100110110001111110100001010
01110110000110001110000000111001010
10101110011001000010111000111001010
