Hx:
10000010011100001110011101100001001
00010100001001100101001000011101101
00011001000000011001101110000111111
10000110001100111100010001111100011
11011100100011101101100110111010000
11001101000111110011000101111000100
00011101000000110010010100011001000
01101010010000000001011101101011000
11000101101110011001010000111110110
10010100110110010101000111000001110
11001010010000011010010000010100011
01000001011111100010001111000001110
00010010110010101001101111100000110
11001101101101100000111101110111100
10000011111011011000011111111010000
10100000000001001011001000111011000
00110010111011011011001001010010011

Hz:
10011001001100000011110001110010101
00010001110011011010010111011110110
00110111100000101001010101011110001
11100111111111001111110110110100001
10000100101011000010000010110101111
10011001100100100101101010000110010
10011000101000010010010001010010011
10000101101100001001110000011101110
00001000000100100001000011101101100
00010110001111111001001110000111011
11110000011100110110010000110110000
10000111011011001011001001110100001
11110110011110010100001101100000110
00110110111101000010110001000010111
10100011100011010101101111010000100
00010010100011010001101000101001000
10111111111011001101111100100010100
