Hx:
10111111100011101100111000000111000
00010010100000111001101001001011100
01011110100000000110110010110101000
01101000001000010100101110111011010
00101001101110101111000010110110100
11111101010010011011100101111001110
00011111101010110001001111010111100
10011101110110110001010011011100011
01100110110010101111110000001111011
10111000011011100111001010101000010
10101110110101000011011100010010000
11000001001001010010110111011001110
00100100111011000100101111001000010
01011011011101010101011011010110011
01011100111100111100111011010111011
01000001010000111110011000111001111
01010111111100111101010100011110011

Hz:
00100010011111000001001100001001101
11001110001010000111100111011100111
00110100001110111000000100000101110
10010101010001110010011011000110001
11111010101110111001101011011010010
01000100000100101101011100001000111
11001010011101110011011001001100101
11000010110101000011111111110001101
00111010110100101001011000101111011
10111010011011001001010101011100001
00111011100100110101010101111111001
01001110001111110111010011000101010
10101101000101100111100110000010011
00000100000110100110011000111000110
10110111111111111101110111100011100
00100111000100101111001101010110100
11001100111101010110101111000000110
