Hx:
01111101001010111100110111110001110
11011111011100011101111001111100001
10001100100100011100010110100101101
01000110000001110100111110111101001
01110101001010001101100101000100111
01110110101111010100000000111001000
11010001110101101011110100010100111
10101010000001011111100010101001001
10101101001010111001100000111111111
10000010110100011110011101100001100
11111100111110010100011001110111010
11111111010001111010111101101110100
10111010110011110010001011111110101
00011101111000101001100011111010110
10011111101001000111011100110110011
11100100110000010011101110000111001
01010110110000010111111100010010011

Hz:
11010110111111010111111110011111011
00110010011000101011001001001011101
00111110011001101101000010110111000
11000001001010010000110000100111101
11100110110010110001011101010010111
11111101011010000100111001110011011
11000001111100001000110101011000010
01001111101000001100110011000100010
10111100101101111110010101001110001
11100011000111110101000001001101101
00001101011011110001001000101101101
01000000000010111100010110101110000
11001100101000010101111101110110111
11111011011101100011000011111010100
00000101000000110010010111010001000
11001000100110000001111111100111111
00111011111111001000010000101000101
