Hx:
01111101011010110111100001111100111
00111111001010111110000001101101111
11110001011100101010000110111110100
11010000100111010110000001110000101
11000100111001101011011101001100101
11110001011000110101100101011010010
10000111110101001101111111111110101
00011101111001000010001000111101000
01000100101101110110000110100110101
11110010111000011011011001011100011
10010011010110110000101000110011111
11001111110000001011001000100011010
11001100001101001111101110111010010
10110101111110111101101100011010101
00110011001001110111110010111001100
00001011111001011110001110100101111
10011010011000111000011010001100101

Hz:
01111011000011110110011010011101010
00010011111100000111001100001101100
00001001101101100100101010101101001
01001100000000010101001001101110110
10110001010100100111011001110011111
01100101100100000010100011101010111
00100001000110101001110111110110110
10100101011010110001011111111101000
00001001010001111110111110010110011
01010011111011100010111000111011101
01101001000100010001110101001001010
01110101110111001101110101111110111
11011000011010111000110011000010101
10110010110000010001110010101100001
01101001101110101101001101011110001
11010111101001000101100001111001011
00110111101000011010101011001101100
