Hx:
00001011001100111100100100001101110
11011011010101110011100000001111001
10100100011100010111011100111110001
11000001010010010101000100001111000
10011101110000101001000010001001100
01110000101011000010001010001111110
11110001010001011010101101000001101
01101100010101001001010001011000100
11011011101101011110110101100111000
11111000001001011000011110110101000
10100100110111111011010110100111100
10110100101011011110101000110100000
01111110000110111001111010001100011
10100011011011000010011101100010101
01011010011000010000000100100010000
11001111111101011110001010010101100
11110111001001101101010001000101111

Hz:
11001101110011111110001010110010110
00101000101010001111011001001000100
10101110101111001111110110111110001
10010011011011110000100110001100101
00101111110010100101000101110110100
10110101001010001001111000110110011
11001100111111101100011101000110111
11100111110000011101011100101100001
11011011100111011001010110101011011
11010011000010001111010101101110010
01000010010001011110100110111000010
10100111000011100000001111111010011
01111110010000010010100101001010110
00110010110010001001001011101101011
10010111011100100000000000100111100
11101111010111110111101011010110011
01100110000111000110000101010110101
