Hx:
01101110001011010011000011011101010
00111110100000010101101110110101110
01010100000111000111000000111111000
01000001110000010010001110101000111
10011001010011011000011101111111001
11100110110010110100111001110110001
10111110110011101101101010011100010
10100010001110001110001001110101110
10001111110100011011100011101010001
11011100010010111011011100100101011
00000011010010101101000011110010111
00001011011000000010000001100111011
11000001111100010000100010100101010
10000011110110001100001100100100111
01010110010011111000111000010111101
11110101100001000011101110111010011
00000110000111010011111101111010010

Hz:
01010101010011101101111110010110000
11000111101101111100101000000100111
00010101011011101000011001101101001
01111100011101101110110110000001010
11111111100100110001100010101111010
11111001111000110000001000110101001
01101000010101110100100000101110010
10010001001111011011001001110000001
01011010011111011000110110001011000
10011101110010011101100011011111110
10001101001011011100010010011101110
01001011110100110100010011100011111
10110001100111110100100100110111010
00111101011010001011001000110100010
01011001010000100001110110010011001
00000110111111110110011001111111001
00010101010101011010111111101010111
