Hx:
00001011110010000011011011001000100
10010010110110111110110010011011010
00011101011111011001001010100101100
10011010001000011100101101100000010
00011100101000010001010110011111110
10101001011011101001111010100111011
10100100111010110111011000001001101
11001111110100101111110000001001010
11011111101001011110010110000001010
01101011100000010110001111010011100
10100110011000101010111100101101110
10010001001111101000101101000110101
11101101000011001101100101000001001
00001001000101010111010110111010010
00111100011110010110001101110100110
00001000010101010111110110100101001
01101110001011110011110011100100010

Hz:
00010011000101111010101000110000010
01101010110110011011001111100101001
01011101101011101010011000110011100
10100001010100111000001100111011000
01000010001100100000001110011111001
00100110000001010111110100101010101
11000010001100100101101110011000110
10010001000100101101110110101101110
11110110000110011001100101010110000
10101111101001100010110010101001000
00011110010101010101011000010100001
10100000111101110101010010110001110
10100010011000000100101011010100111
11000100111101100010001001001101000
10110100110011100101100010001011001
01110111010001010001101001000101001
10101001100101001001010100100111111
