Hx:
11011010000100011001111111100001001
00001001101111110001110001001111100
10001111010011110000111001110000001
01000110000000111001011110100001010
00010101101110100010111111000101010
10001101001110110000101000100000010
11000000101011000010010100110110100
10100001110101111110110101100101101
11101011101000001001000011111000010
00100001111111110010010100101010110
00110000001110011110010011111101100
01010010011111001000110001001100010
01011100110011101010110001101100110
00100101011011001001010000101011010
10100110101111100101001011101011111
11100000000010101000011110010010001
10110110101000100110101110010111100

Hz:
11100100110011101001010101001001100
01011000010101110110000101110100110
01011010001000010111010000111010100
01111111001011000110000101100101000
00010110111010000101000111010100010
00100011000001001111101011111010100
00010011010111011111000011100111010
00010100100011010101011101101100110
11011001111110110110001101000010011
10011010001010010010001001110011111
00101001010000001011111011001001001
11010001100100110100111110011100110
11010000011011011110010010001101000
00011001011011110000101011110010010
00010001111011000000101111011110010
00100111000101100111000111100110011
01001001011011111101110110111111001
