Hx:
10100010100110100101101111111001101
01011001000000110101101110110000001
00101100111110100011100100001010001
01111011000111011001001110010101111
10001100001110001000100000100001111
01100100011001100001100000011110111
11110100010010000011100001101100000
11000011101111000111011100010010010
00000001001010011101100011101100111
01011101100010001011100110010000010
00100101011101001101110011111101010
00011011000100001101101100000101100
01010000111110100100100010100100101
10010011001011001010111101111100111
01010011110100011101111100110101101
10001000010001101000110100110110010
01111111001000001001110110110010101

Hz:
11110011111000100001111100111111100
11111101011101100111001011000100001
10101011111111111110110011000111101
01111100000001101110101100100100001
11000100010011011100111100111001010
00111000110101010011011110110011101
11111111100111000101111001100010111
11110000100011000010110001111011111
00000101001101011101100001001111011
10110010111100000011011001111110011
01111110000011001100111100010001110
11010110010111001000000110100101111
10000110000000110010110100000011000
10111001101001001101010110101011000
11001001111001111111011001100100111
10001010110111111110100010010111001
01110110110110010011011000111001001
