Hx:
10111011010100001101110000101000111
10100110111010110101000001111101100
00001011000111011111110001001111100
00100010110011100010110010100010000
00110111111100010110011110001101111
11111010001001110010001110110111111
10011110111100001110001010100100110
01111000011011110110010100110000000
00100011100001110100010101111000101
01010100000110101001111010001000111
11000110111001110101000001111001110
10000101110101000001000010111001110
01100101000000001000100010100010101
10110111111100110000110110001010101
10100100101000111111101111101011101
10001110011011101110011010101011101
10010101010000100001111111101111101

Hz:
10100110000011110110001100001000111
11011010111100100110100011001011010
10001011111001000101001111000111001
10101011101001110101001011101011100
01001011100101101000100001111100011
10010111101111011010000110011100010
10111010000100110100101110011011111
01010010111101101101111011111111111
10010000000000000101111110000111110
10101110010111110011100011111001011
01001011001111011000011000011100100
00010110011111100000100011000111111
00000101010010001111101000000101101
01101000011101010011111111001011011
10111010001010110000101111001000100
01111001100101100100101110000101001
11010110110011000000000100001111100
