Hx:
10011011001111011111101111110110000
11011011001110100101111111100000101
10110000110000110111100001000101011
10000011000001100111110011011011110
00010110010000100111001010110100100
11111011101110101011001111101101110
10001000110100100010011110000001100
11101001010010001111011001110000110
01101011001100111111000010111100111
00010010001011001010011001111000010
10001110011110110011011000110011110
11110010000011101010111010100100110
00011001000010111111110110111101001
11100110111010001000010100001000111
00111001011001011000100011110100001
00111101000001111100011100101100000
10111000110100000110100010010101101

Hz:
11011101010101001111011111111001000
00101101000100100010001010101010001
10011100110111111000011011000100111
10101110110000111000100110111111010
00100011100101100011011010011101010
01111101011000011101110111111001001
10001010000110110111000001101011000
01000100110101010101000011000011101
01001111100111010101011110101101011
01001101101000101000000110110111000
11011010001100101001100011000010111
10011101100000110000010010011011100
10011101010101000100111101111101000
00110011010100101000111111110110101
10110001001011001001110110111100011
11011110010100001101010010010000010
00000101111000100011101111000101001
