Hx:
10001100101100011000000011000011000
10111101001100010011000101001110110
01010000000100101110000101001011101
00110110001111011011111001011000011
00110110011000001111011000010110001
01000111111011101111010111000100011
11101000101101110011000001100011110
10000010101010110110000101011010111
10100100101110101111110101111000101
11000101111000100001101100011011101
00101001001011100010111000001100010
10100101000011010100110111110011101
00110111010011010001110100100111001
11111000100111001110001101000101010
00100010100010000111101100001110000
00000110010111001011111011000000010
01111011111110000010001000101001110

Hz:
01101001110110000010010001100000000
00100100111100000100001011000111100
00000100100111100110100001111111010
00010111010110000111110110010101000
10100100000101010100110101000001100
10010010101010110010001011010100101
00010101000000110110010100010100011
11001001111111010110010000001011100
11101100100011110001000010100000111
10001011100111001110111010011111001
01110001011101011001100111110111101
11011110101010101011010101111101100
00011101111110011100001101010011111
11010010101111010001000101010100100
10001000010001001010110011001010001
10000101110110111000011110000110001
01110100110111100000010101100000111
