Hx:
10111101000111100010000000101001110
10110011011111110110001011000000000
01000010111011011100001100011011110
01001011100100100110100111010110110
11101000101001111001010100000110101
01101111000001101101101000111010001
00001000011011001000010001111111101
11111111100100001001100100011000000
00111001111111110011011111110110010
01100000101011010111000101100101110
11011010001110101010001000110100100
11110010001100100101100001101111001
01101000111001000000111011111001011
10001110110001010110010100100001000
01000100101110101001110001100111111
00110001101001110001111110111000101
11110010111110011000101000111111011

Hz:
10001011111101110110011011011100001
00101110010100011011000100111100011
11001101001110101010000001001000101
10110100100101010011111000000111001
00000110110001101111111010100101110
01100110101101001100001110111011010
01101001010000000110011000000001010
10100000010010011101101001001010000
11001100000001110010011011011011111
10101010010111001110011000011110000
01101100001100001010010111110110110
10011110001010101001001001110011110
11100001101110101101100100100001001
01111000100110110000010111110110101
10000011000001011100001001000111111
01010100000101010111000100000000011
00111100111111000101100100101010010
