Hx:
00000010000110110011011001011000001
10101010110010011010100101101101100
00101111001101101111100001010101001
00011100011011101001000101011010010
10111111110001101000011111100001000
01011001001111011100001000111000100
01011110111110101100100111101111101
10011000000110010001011001011001000
00011010100101000001100011111110110
01100100111001111101010001010110000
10001110011011010110001010000011111
10001110111010100101110011100000101
11001111111011000000001101110011000
00011100010011111001111111010010011
01000011001100111101000010101010001
11001010001011100010111010011110011
11000010001111101100101100101111110

Hz:
01110110111111010111000101111000111
00011101011010110010001101010011011
00111100111000110101001000111111100
11111011011110110001000100000101000
11111010111111001010100101010011110
11010010111010001011001001000010000
00101110100010100111001100110101011
00110000100110110010011001011101100
01010010001101111100111010001110011
11011010011101110101100100101001010
11001011111010011011011001000010000
00100011100100010000110111110001110
00011000000000111111011011010000110
11101011011000101110000000101011010
11101100110010010011100101110101000
01100101101110011111000111111011100
00100010101001111000000110001010110
