Hx:
11000010111101010001001111101100011
10011110011011000101100010010011111
01010100000100100011110001010100101
10000000010010110001001001000001001
01111011001001011010100111000101001
11101000001010100000110100100010111
01101011101000110000101100111001010
00010000011010001110001101111011111
00001110101111100010100010000000010
11110001010001111000011011011111111
11110010010001101000100010010101011
10000110000110011110000100101100100
10111111101000010111001010001011010
00011011100111110001001011110010100
10000010001010110110100000101011001
11100001001010100000110001000100110
11100011101011111111011001110100101

Hz:
11011100000011111011001010001001111
11010001001010001111010011111010100
01100010000011110001000010111001111
11011101000111100110111101011001000
10000000101110100001101011111011111
10110001000111110000100000110000110
10111000011111001100000101111000010
11101000001001011001001101111001010
11010101110111110110001101110100011
00000110000100001000101110001000011
10001110001110011110001101001110011
00011100001001000000001111110101011
11001110010000011011010110110010010
00000101100010110100000110011100111
01000100100010011110111001000010010
00000100111010011101101110100111000
10011111111000000111101000010101011
