Hx:
11000011000100110001110101000101000
11100001011011000101111000001101100
01100111101000001011001101111100000
11010001010100111110110100110001001
00100110111011110110000111110001101
11110010010111000000100111110100010
10101001001000101100100010100010001
10011111111010111111011010101100110
00000011001100011101101100101100100
11011110010011001001011101110110010
00111001111110000001101001011000000
11111110010000011111101101101101111
10101110111111111101110001010100010
11110001111111101111000110001001010
00011001000001001000100100010010000
10100101001011000110010110011010011
11111101110101011001100001101110110

Hz:
10001010010111001100000010011001101
00011000010001000011111100100111010
11101101010000111001011110000000001
11110001101101111100010100011101111
00110001011100100111110001001110011
11011000011101101110111110010110011
01010101001110011011010001001110000
01011101110010011110101111001000000
01010100010111001101011111110111001
10111010110000110011010011010110010
11010011100001001100000001111110110
11001110111110000100111011010011001
01110001010011000001011010101111011
11100110110010010111000101100011011
01100100110011110010101010011010001
11010011000100101100000101000000011
01101111000100110110011011011010111
