Hx:
110110111100100100001110010100110001110
011101001101101101000010001111010000110
010011011001100001110000000100001110101
101100110010101100100011011101010100010
010011100010011111110000010000001011110
110100000000100010000010111111100110111
100110111011100001100111011111110001001
000110100111000011010010001010101001000
100101000111011001110100110100111011101
111011110000000101011110011111101001110
010111110101010111100000010010001101101
111000001010100011010100010110011000001
101101101101100111101010001000011100011
100000001000011110100010010001111000110
110000100111011010100110101001110101100
011111101110100001000001001100000100101
010001100101101000110011100000001011110
101100110101111110010001110111011011110
001111011010001101011100100100011000001

Hz:
011110001010100111010000001100101001010
001011100000101110101010100100010110001
111101100010111000111010001011000011111
011100101000110000000100000011000111100
010000100000110011011001101010001111011
010011001100110111110100011111101011011
111001010111010100000111100100010100101
101100010111010110000010100100010000110
001111110110010001011001111111010011110
100010010001010000010101111011000011001
001100010101010000111011010001001110110
100010100111000001010001000000010001111
111111100100110011000011000110101000001
110011111001010010100111001100110001111
011100110001010100010001110100001101110
111010001010000101110101100111100010000
000101110011111011010001011111011010100
010100010101100001111110010001111110010
101101001100110111011111111011010000011
