Hx:
111100011100010011100001100001101001000
011011110000001101010110001100000000000
111001011100000010010000010101000010100
111100101111111010001101001001111101110
110001001010111100100010001011010010000
100111110110110010011111001111011000101
101110001011010110010100010111111110110
011001100011001001001000010100100011110
011111111110011001100101000111110111100
110100011010100011110110000111110101000
111010110010000010100001011000000110010
011111001000100100010100000001110001011
011110010100010111110111111101000101111
101001100001011110001110010110110010100
100000000111101111110011110111111111101
100100111010101000011001100011111101010
010100001100010101101011000000100011101
101110011000111100111100111010011010001
010011001000110011010011001000000111101

Hz:
101001111010001000100100011100100010010
010011000011110110001000110001110100100
110001111111011011100101001011100010100
010001111111110101100101110101001111111
101010110110110100011110110011011010000
011111101001010100001011100110101011001
110011101110111100101110000000001111000
001111100001111001001110101111011011110
001001001110101111011001111100110100011
010011010011011111111101010100010101111
010110101100001100010101000101011101011
101110100110110010001011110001110110101
100110010010001001010000111010000011111
010011011101000011111001110010110000010
111000001000010010111110111011101011100
010110011111001100111100110111000100011
011111011110011111100110100011100011101
110101010000011010111000001000111001001
101011001111010111101001101000110111100
