Hx:
100001010100110001101011001000010100101
111000100011010111000110110001000011110
000111111011011000010000011011100110000
111010111011110011001000111001000001101
111011101011011000010111111111010110010
011011000111100001101101000010011000101
101100101111011111101100100101010110000
000101000010111111001100111001000010110
000000101001010110101010000110110001100
100110001110011101100111101110101001010
000001111110000101010111011010001101100
111111111110100010001011111101011011011
101010000010011000100101101010000001011
100011111100000010101001010011111011001
110101000101000100010111001010011000100
010000100001010100101111010111110010001
011100101110011011101101110001111110111
101011110010000001110001011100010110111
100111100100101110010100001110011001011

Hz:
110100000000011011110100111100001001100
110000010010011101010011100100101110100
010100001111101001001101100111010100011
111011100000100000110001010010110100100
111001101001110110000001110010001101010
111010000110000010111101110110101000001
010111000110001011110101110111111000000
100111101000100001000000000111110111111
001110001000101110110101110101000100101
011101111111011011011111110100000011111
110001010100101100001100000010111010100
100100101011110100011101011111010101000
101110001010000011100100100100101011011
010011011100111101000010000010010011101
001110011011101000000100010100001111011
111111100100010000000000100001110100010
111111011001101111001001010111111011010
000101101111000000010011010011010001100
110011000000101100000001110001110111000
