Hx:
011001000100010010111100010010011011010
110010010001011000100011100001110100001
100000110111110110111100000010010111010
111101010011001000111100110011100111001
100010111100010111000110001000111100011
001100101111001110110001110110111111011
101101001000101100001101010010011011101
111001100110010110100001001010001110010
010011111100010010101100111011111001010
101000101011000000100000100011111010110
100100101000010101100110110110100001000
101001000111110111000001101001011101001
000110011110000100001001010110111110011
001101010101110010110111101001001001010
000101000100001101001001010101100101010
001111011100000110101111110001010101101
010101011111011001011100011110101100010
100110010000111000010100100011000000011
100101110100110101100000101010001100100

Hz:
111110101011100010001100011100110000110
101110011101111001001101010111110000000
001001110010111111110111001000001011000
010110000101100101100010100011101100011
011101111111100010110101011101001011100
000101001111111101100010010100000011011
011111001100001111101010111011011001000
011010110000001111010001110000101110110
001001101000000010010111011001100010110
101001110001010111101111101110100100000
110010110110111001001001010001011001001
101000101110001110101110010111010000010
110010010001111010110100110011100000101
110000101101110101101010010110100110000
111111100001011110101100010001000000110
111000001110000101111010111111111111001
100001110000101011010100001101010111010
010100000001001111000000000101101001001
010100011000000011011100000100101100100
