Hx:
100001000101100101010010011111011010001
001010000000001001100110000000011111111
011010011100100010000101101101100000011
000001000111011011100011011100000111111
110110101101001110111010110010101110111
110001110001010100100010101000110000101
010100001110011100001111010010110011001
101001110100111001100011111001101000001
001010001111001001101011010110011011110
001111001010001001011111100001101001110
101100000010001000000111011100001101000
011110111010011101001000000010000001001
111100011001001111010110100100101001001
111011101000100001101000111001001111110
100001000011001011000011111001100111110
010100100001100100000010100111110010100
100101100100010001111100101000110111100
010110110010010100100010111001001011110
111101110010101010100001110000101100011

Hz:
100100110100001010111000000111110010000
011000001010011000100011110111000100001
011000100001101110100010001010100000000
000100001110100000110101100010100000110
110110110100101010110110100000111101001
111101100111110011001001001001001110100
100100001101011111100001110011000001000
111011111010000100010000000101101110100
001101011010101100101111101110001010001
010010000011100000110111101010000100010
101000000110000000111111011001101110001
000100010010100000100011010010001101001
110111100001000101101110111100001101000
000000110100000010101010101111011111001
000111111110011110111010110001110100000
100100111111001011111101001011110100101
100101000010111000000000001000100011001
011111001111011000110001111100001011001
110110111101001110101011111100100101110
