Hx:
110001110110000000111011110100111111101
101000101011010111100000111001110001010
101100111100111101100010010101110000001
000100001100011111110100111011000000101
001010001000111100100100111011001010000
010111011000100010100100010100011111111
001010100100111000110000011111010100110
110001110011110000000110001101110000101
101001010110100001100011101101111001101
001111101101101000001110100001110011011
100000001000110110010000011001100111010
111001101010011100110011101100011110111
110010011100111111000000111011010111011
101011101100000101011110011011111000110
000000010010101110111101101010111000001
010110000101001100100110110001111100111
011011011010111011111011110110001111110
001101011011100011100010111001101011011
110010001110000111101010110110110101000

Hz:
010001010100010010100000111010011010010
010101001010010110001011000110110001000
010001110110011110101110111011001110000
110011111111010001011110111011100110001
010111001100010111011011011100001110111
110001101011011110011010001101100000010
100010100101101000011111000000000001000
101001011101010001011000011110100001000
010011000011111000110010100000111010011
100110010111110110100000000010011011011
101010110000000000100101001001111110000
101111111100000011010111111101001010100
011110111010101100011011111000100111101
000101000011100000101011011001110011110
001100001011110110100001010000100011011
110100111010100011100111000000110000111
110100000101101011011001111001110000000
101011000001000001100010011101110100100
000100100111100011100001011111000000011
