Hx:
001000011000100000110110111010001001110
111011100000101001001010010000000010101
001011000001001000100011101001101000111
101011111110001011101000011111000110001
011001010110010101011000010010011011111
011100001110100111001011100110111110010
110100110100010100100000001011110000000
100000010100110000000011100101110011110
111010000110000001001010001101110001101
101000100010111000111010111010111110101
011100101001111111000011101000101011100
010101101010100111010001111100100010001
011110010110011010001101101011011010111
010001111101111101000111100110101001101
111001001010110110101001101100001101110
000001001110100111100101111110111100001
011100000100001000111101101011010011110
101101011000110011000110110110010011010
010000000011011001111101000010111110001

Hz:
110110100001010011100011101000100001101
010110111110010011111011011100001100110
011011110000111000000110100101101110100
010011001010010011111010010011100001011
110100111111100100101110010101010011000
010100110000110101111011000111101010011
010001100110000100011000001001001011110
101010000001100111101001010110110010101
111010111111111110101100101011011000111
110001101100010101100000001101011001100
111011000100111101111111101010111110001
011101011101111111011101000101101110101
000000000101110111001000101101100100100
101111000001001101000000000101111011011
001001110100111110010001011001101001000
001100100101000111110010111000000100011
111011111110101111001000111000011101100
011011110010000111011101011000101100010
110101101100010001010101111111101000111
