Hx:
001010001000111001000000110101010010111
100011101111100010001011111111111011110
111110001000111101010110000010111100101
001100011110001000010000001010011001001
110011100110111010000111001101100100000
110101110001001010001101100000000001011
011101111010111101010001111101101000101
001000101111011111111010000010000000111
010101101101000001010111110001111111101
001110110101100010011011100001010011100
101001001100101111001000000111010001110
100010001111000011101100100000000001011
110111000111000111100001100110111000110
110000000110010100110100010001011101010
100101010011110100111000011101010000000
101010011110010101100011110001100110100
100110001000000111000000010010101100001
001101000011100110101110011001100100000
010100110111001010101111010001011100011

Hz:
000111010000010110111011100111101111000
110010010010011000001001011001100010000
001001000000100001100001101111100101000
000111010001000100101001000110001011001
100100010110110100000000011010110110001
010000010000111110100100001110010010101
011101101000110000001101011010011000101
011000011101110010111101001001110010001
100110001001110110010011000100100101100
011011111000110011011011000101100011111
110100100101011001001000011001101100001
001001101111101110000110101011110001111
000111100111101111110111110010010111000
001101100011111000010111001111001011111
010000001001000110110111011010000001011
111011111110110110010010000010101000100
000110101001001010000101000000001001111
011001111101011101001000101101110011110
111010111001001011000001001001111000111
