Hx:
101001110000101110001101010001111100101
101011000110110011011010101001000110011
101000101100011000010001110100011101000
000111111111010011011011111101000101100
011000100111100101101110111101110111110
000010011011000110110101101101010000101
001100010000001000010011111110100010010
101000111011100100010011100011110101111
100110101011000011110101101000011011100
100001111101101001000111111000100000101
101111111001001011100110001100110010010
101001111100101101001101100010000110110
011000000110001110010001010011101011111
010100100110011111101010000101100001111
110011001110010000000100010110111011000
001000001011010100010010100111101001100
101111100010000110011000000100000001111
010000101110110100111101111000111010011
111001101101100111110101011101110101001

Hz:
100110111000101111001100001100010111001
101000011000101001011100001011000011010
010010110011101101101000111010100000010
111001000111101100001100000011111000000
011011101000101001110110001000101010010
100000010101001011100000111100110100010
100011101000011100001001110001000111010
000000110000011000100110100000001110010
110101010001111001001000011011100101010
110010011000111011010010010000010110000
010111100010111011010101010000111000100
100101001110000010110001010101001111101
100111000001000000001111111100000100011
010001010111100001101010011010001110100
010111110001000000001101011111000010000
110011010101000011101001110100100000000
100000011000011111010000001111000010111
101010100000000001100000000101010011011
111100011011110101000101000000100110100
