Hx:
110010110010010110011111011101111101011
010000000111001101110001100101101010010
111100000101011111011100101010101101000
100110001001000001110011001111010001010
010011010000000100001100111001110100010
011111010011111000100011001010110000100
100000111111010110000101000111110001001
000100100110000001010011011011111010110
100000111010000110100110011000011110000
101010001001101001001110011111100111111
101110110110010010011101111110101101101
010011001010101111001000001101010011111
110111101111011011101101001100110111111
100000101010010110011011101101110101010
011100011011011000111001010110001101011
001101011000000111111101110110010010111
000011110101111101101101100000101111011
010101100011111111100100010010100110100
110010001011100011010001100010000010111

Hz:
011001011100001100101011101011010100100
100100101100001010100100111001111000011
010110101000001111011110001001101000101
010111001011111000011011001101110100011
000110000111001110101100011111101000100
001010000000100101011110010001111111010
010010100111001000011010001011110100000
101111011111111101101100101010111000100
011110111110001111111010101101000010001
011001100011011011111110100111110100011
101100101011110111011011101100110100110
110010011110000010101110011110101101111
110010001110110001101001110110011011100
010110101111010010111001111101011011000
110000111100000101101110110011100010010
110001110001111000100010000000110111100
011111011100101111000000010001110001011
000010111001000001100101001000011110101
000001010110101001100010000111101101110
