Hx:
111011101100000001011111000100001010010
110111100010101100000101111101100001111
110110101001010010101100101000011011100
100111100011101110001101001111010111001
000101111110110011011111101101111000111
111011000100111010011010000110000010011
010001100101000000100011110001000011110
110101100101001111100010101100111000100
101010101110011000011010001010111100001
101010001111100010010100111011001001110
100100000111100100011110000111001000011
000010100101100001111000111111011101001
010100110011111101100001000011011100100
100101010011011110000111100000111110101
011011001110001100110000111100001000100
010000100000101101000010010111111101101
110110001010110000101000011101110010101
111000110011110111111011100100001100111
110111110010100101111110100111010100000

Hz:
001011011111110100000100000101101101101
000111000010010001001100100000110101011
100110110001101111111000110010011010001
111111000101100111100100000100101100101
100000011000001101100101100011100100110
111110001010111111110111110001100010110
100000001101000000111110011010001110110
001011111000111110100011001111001111001
110111110100100001110011111010110100101
011100011101100001000001011011111000110
010111000101101111010110100001011111100
101101001011111000000101111001101000111
000010111001000001011101001111111110011
111100110101100000001000111111110011101
110101011111010000100011111101100110011
010101011001010010001001000010111110010
001001101001111001111101000001001101101
101100010010001110100101110000001001011
111011010100100100011101011000010100101
