Hx:
011101010000000000100011100001100100101
101000110011110100101001011110010000001
010011100000101001101110010100010101101
001111000100010111000111101011011111010
110001111111111010100100101000100111000
100000111011101111010111000101110010000
000010100000000000010100101111011110010
110010011111110010010111101100000101100
011100001110011111110100010010011110111
101001110101011000011001100000110100011
100101011010110000010100011101011011000
010100000111000100001011100101100010110
111011010000001010111011011000011101100
011011011000111101100000101101010010010
011010100100101011111101010000100101000
100010101101001010110100100001001111100
000011010011111111100010110101111001101
101011010000001000100111110000000001110
100110110001001111001111110110110100110

Hz:
011100000100111001011010100101011000000
100000101010000010000011001001011110010
101011110101110001111110100101001111000
000101110011001011110111111000100000010
111001010110111010100011100101111100100
001110111000011100000100111011010101111
101111010011001111110001011011101000101
100101100001001010001000110111010001000
110000000000100011011111001001010101100
110100110011100001000101111100101111100
110001110011101001010010010101001100000
101010000001010110010001000001110010111
110111000011000100100010000001100010011
001100111011100110111011110010101000010
001000000000001110011010000010001011000
101110001101010111111101111000111111011
011111000011110010110010100001011001101
001101101101000101011001011101011000110
110000000010111110011110110110010010110
