Hx:
101001101110011000000000011000111001111
100101110010010110001101111101000000010
000001101011110111000011010000111110100
110001011001010011000000111111100001001
010011111000011001010001101010110111101
111101001000001110010010110101101010100
100000100011101011000011111001101110110
010110011000100111110111111011111001110
100011010001000110101011110111110011110
100001100111110011110010110111000100100
010100010011110000010110101100111000100
010110110000111111110001101100101010000
011110010101000100011101110010111111010
000101010001010101111101000011001111100
100111011000001011000101110000101001101
100100111111100101011000100001110111011
111001111010000001110001101111011010011
000111101011111110011011110100100101001
001111100001010011010111010001111111011

Hz:
110001000101101000100111000110101100011
011010011111011111000101100000110011100
011011001001001111001111010010011100010
100111111100010011011011001011011111011
000111110001111101011010101000011010111
011100110010111100111000111001011011110
010100110010101100110010011100110101101
111010000111000111000111001100110110100
111000111110110001010001000101001001001
101000011101101101010011110011011111010
001000110011101100111110110001110011011
100011111110011110011111111101010100001
011011001100110111000001110011000010000
001111000101100001010100010101001010100
010110000000111011010110010100101000001
100100001101000100111100110010010011011
100011001000101001010011000111001000111
000011110111001101000100010000000101010
110111011010110000110001000100001111100
