Hx:
000110000010101110111001100101100001101
101100000100011011001011111100001100110
001101001111100100011011001011001101111
000111110000101100111000000101000000101
111000100111101010100101001111010111010
100000110010000111111111110010011100101
111000101100010101001001100110101011011
101010010101111010110010100101110110001
011110100000100101010000111110101110111
010110100010111000110001010011101101101
100010000011010100100111011110110101111
011011001101100100111101010001000110110
001011001001000101010011100011110101110
110101101011100010001100100000110111100
001001100011110110111101111000100001011
011001010010111111100000100101000010100
011000011100010001101100101111011011010
000011111111000010001000001011010010001
110001001101010110101101010000111110011

Hz:
100111100011011100010101000000010100110
010101001101101111101001110011100111111
111111011110011000001010100111111111111
010010110110010001000010101000111101001
010110001110101110111101000011011011100
100100010111110110101101001010011010010
010110001011110111000100100100010011001
101110101111010111110000101001011010001
010110100110101010110100001110000111010
111101011010111011100000000111000110010
010111111100101101100011000000010110100
100001010100111111110011101011000101101
110111000100110010101000011001010110011
010011010001010111000100101011001110011
100011100100111000000111100000100111001
010110101110100111000001100011101110111
000001000000010111100000001000001000011
101000111110011001001001111000001001111
101000010100011010111111000000011011110
