Hx:
000010101011011010000101110100101111001
100000000001001010110000001011000110111
110101100101010010000011111110000110100
010110110111011011010100110000100000100
011000000011010000000001001101011001011
101101010001101010111110110101001000011
111010111011110001000011000010001010110
111011100001001000010011101011100100001
011010101110011101110001100001000011001
011001011110101101000110110111110110011
001001001110010011010010001010001111100
011100010000111000101100111001100100101
111100011111111011010010011110110110000
110111010010110011101110111111110111100
000000101010000101110110111010101010011
001000100001010000011010010101000010101
110111100001011001110111100101011011011
010101110111100110111101011101000000010
111001010100111110111110000011011000110

Hz:
001101110001111010100101100101111100000
100111110001000110110010111100001001101
010111100001111010001110100101010000011
010011011011010110001000000010010010101
111000011001001010010100100000101000100
111110100110011000110111001001000100010
001010011101100011011001100000100111100
100101001010101011011011000111101101100
000010001010101011110001110110101011101
001000001101011110110110101110110000111
010100001001010011011000101011001110000
011011001010111001111000100101111111110
010110100110001110110010100011110010100
111110110010100110000101100111001000101
101001110011100100001110010100000011010
111101100110011000101110011011000111101
101001010110110001011101100011011100001
000000100110100110010100110001111110100
100010000000001111101011000111110100111
