Hx:
001011111100011011001100000001110011101
001110010010110101101110111011101011101
011000010111010000111000110010100110111
101110011011011100000000000100100111101
000001001110011110100100001000010100111
111000111010001110010001110011010110000
101111011110001001011001100001001011011
100001111111100100100001110001101011000
111011101100100010010110010111111100110
100001110101000101100110110000011001010
010000011111111110111000011111111100010
111011110101000100011100011110000100001
111010111001011111100101011111101011010
111100111101000010100000101011010101011
110110101110011101001010011111101111001
100100011010010101101111100111000011001
010100011001111011101111111100001110111
000010111010011101111110000011000101101
011101010111011100111001110011001001110

Hz:
011111111110110101001100011000100111111
111011110011101100110011111000101000110
100010010011110110110010100011000010111
111010010111000000110001110011111000110
101100001010110011011110010000010001110
101000000001110010110101111101000000100
110001101001100101100001010111111110000
110110011100100101001101111000000110101
111101111101010010111000000000010100101
011001001001011001101110011010111010011
010100101011101100010000001100000011001
011110111100101100101110000100001100001
111010100010100011001111110000101101011
101111111100001001101110001000110100001
111011000000100111010111100101100011101
110000011001111110101011000011100000101
001010000111101001000000011000100000000
010010111111000100011100101000010011111
010000100111111000001001110000110001010
