Hx:
110011000011100010101111001010001001000
000011101001111111110010011000010101100
101011001000001110001100010000010111011
001010011100000110001010100010110110100
100000101010111010110100000000001010100
011010001011101001111110010100101100111
101011011000111100101100100101011010111
100111101111101011111010001100111010011
100011010100100010011001100011000101101
011000110001111101010111100000111111010
000111010100101110111001111101111111010
100001000010011101111101010101000010110
000001111100100011000110011001010100101
010000101000110001010010111000001101000
001111101010001001101110011001010010100
100100101010001001001110101010001110000
101001101001101100011101011000001000000
010110000101001010111010111011101011111
101100000110111000101111111000111000100

Hz:
100010111000100100011101011010101001100
100111000011010011011111011111001001111
011110101110111001011001101111111101011
010011010111000100110001011010001110111
111100001101110000100011011010000001101
101000111001011010111101010100101010101
011010111110011110001100011001011110100
011011101100000111011100111000110101100
111101010111101111100110101000001110101
011011011001101011001000110011110000001
000010110110000010010001010001010110111
001111101110101011100110010010110101010
110110101000101000001100110100000000001
101011110100101001000010111001100100001
001110000001000110000010000111111000010
001001010110111100011001111100100010010
010101101100101100000101000010010000100
111101001010111011110001001011101101000
101010110000000110010000101110000101001
