Hx:
010100110110001100001010110110100110001
010010000101001001011110001110111011111
001001101110000101010101011000110010111
101101100111001111100000011111111100010
100110101101001011000000101010011010001
010110100100001101000111011101001100001
010010001000110000001000111111101000111
011001000011100110001001010100000110010
101001010101010000000110000110011011110
011110010000011110010010001101111000111
000001100101100110010000111110000111101
100000011010100101101000100011110100110
100100000111101000110111001111000101110
101100101011100110001110000100010010001
100000000001101101010000100000001010010
000101000110101111110000011100110000100
110001010110000011111101111001110001001
010010100110101111000100000000110100111
111101101110010001011010111011000110011

Hz:
101101011111010110001000101100000010011
010100001101001000010000101000110010111
110110110010100101110111000001001100100
010100010110101010101110010111011011000
010000100011011101100111110001111000001
001101101000011101111000101110111110111
110001011110101110100000100001110110000
010010001110111010101010101110001010010
110110100000110101110000000110010110000
101010000110000010011000001001000010110
101111100011000000010101000010001101001
011101110100110000001100010111011101100
110110101001001111110000100111101110111
001111100111100110011010101100011101100
110111010110001000001110001101111011101
001100101001100001001000110110001111101
110000000010000011110111101000100010110
111011011010001011111001010111110110111
011100010011000010001100101100101001010
