Hx:
000001001111011011110001110111100011100
011011111110111010001111000010110110001
100001011101001000000001000011001001110
111101010001010101001101101001001111110
101110101100001010000000101011000000110
010001111101011010011101001111011100110
100001110001100011100111111001111110001
110010011101011011110000111100010010101
101111101010101010100000100001000111100
111000011111010000000110000110001011001
001100100011011011000010101101010100000
110011011100010111000010000100100001000
100110100100000010000100011001000010011
000111100000101100110001011001011011010
110101101011001001100111010001110011101
101110110111011100010011111110110110100
101101011110011001101010001100000000001
011111101011111001011011110101101111001
100011000110010100000101010000111110000

Hz:
011001000010010101011011101110101010111
000001001000101001001011010011101011110
101010100110101110111000100010000011011
111010010110101011000111100001010100000
000010011011010011001101000011001000100
110011101010001001110010000101011000111
000111011101101100011001100000011100001
100011011010000111110001010101000101010
011111100000010111000011011001010010011
000011011001111110100111111100011101001
011101010000100011000000100010001111101
010001111101100110011011010010111111010
000111101000111010001111110000001100011
111011000101111010000110111001100111010
010010100000001111000000111000111110111
111100110001010101110010011010110110111
111111111001101101000000001100011111000
101111010001000001000001010000000011110
110011001101100010101101101011000111011
