Hx:
110011100111011011001011101100110100010
101011010001001101101111000101001010000
011011001001111001000101100011001010110
001000011110110000110001111010110100011
010111001011010111011000100101001000111
011001001011000000001111111101001000010
100101111100101011000000110000100010010
100101110000011111010001100000101000100
111110001101101001111100100111000110000
111010010110011001000100001000101001001
011011011100010011011011010000100010100
000111110101001011100010100010011010010
001111010001111000111000111111001000011
111000011110110111001001110001001111011
000110111111011011111010111001000010111
001100011000011111100110101111001101010
110000011001001111010000111011100010100
111110110111110100111010001000010110110
100111010100111111000000000011010011000

Hz:
110001000111011000100110001000011100101
110101011110110010101001001010111011100
111010010000111000001100110001110000011
011010000101110111100001100011111011011
001001011111110000111011001110011001010
000011001010010100111010100010111011110
000101000100010010010001001101101011000
100110001011101101111010110100011011011
111110111100000110001100000100111111010
100111000000110011110010010110001101010
000110011011010000110111001011110101000
010010111111110011111010000111001101111
010100011101011011110110000001101011110
011111101000011110111000000101001100100
000011010110010101100110111000110000111
011110011000000100010000100011001100001
000010000100001110110111111000000010001
101111011000110010100010101000101000110
010000010010111001110100110110011110110
