Hx:
000101111001101000010000110110100
010010110101101000100000110010001
100111011001101001111010001111011
100001001110001111111011010000010
101110010000011110011010000100010
001100011000111000101100101111000
100110010101111110110100001110011
010101111010101000110101011100100
001110100001000000010100100100101
000011101101010100011000000011010
110000110101011101100100010000011
000000111011100001010001101010101
111001111110011000101001110101111
101100100100011011111111110011000
000110010111010000011001001000101
111010011101000100010011011000011

Hz:
100010000011001100000110000011110
111100000000000010110001110101100
110111110010100000101011011011100
000000011001110011111000101101101
001100100100101010000111010100001
110101001111011110010011100111110
001100010101100011100010010100000
011110001101100000110011011011110
100000110110011001110101000100101
011001010011111110010110110010100
001000101101101100011110011010001
101010000100101001010010000001100
000000110100100010100000110000101
001111100010100010001110011011001
001110101000100000011110011100110
011111111010011001100111101110100
