Hx:
001101111000100111111111001011011
011001010111010101000111100010101
101001010000000101100111001111111
010001100010001010011101111000000
100001010111011111010110101010010
001110000010000110000100001101001
100010001100111010100000101100100
111010101011110110000000011010010
000111111111001111110011101110100
000011101010110110011011000001111
010001010000010000111010100111111
110100010000101110100000110111101
101111001110010000010011010101010
101111001101111101000100011100101
010100110000001110001001111010100
111011111110100111100101001010001

Hz:
110010011101101100010111111001011
001000010100010101100110001011011
010000000101101001111110001010110
110101010001100000110101001101111
010101011010011000001100000111011
111001000101100101110100110010101
000111000001111001101001101011100
000100101001100011101010010101100
010101010110011011100101100011011
100100111110110011011110101101101
101011101000011101000100000001111
110111111001101100111000011111010
111011101110000100101010001100110
110001100011101100010110001010010
111001100000011000000100001000001
010001010010010010111000000011111
