Hx:
001010001010011110010010011011111
101111110000111000110011110111001
001101011110001011100011100000111
100010010110111010101000111010111
111001010110111110110000111101000
000011111111110100111110010111010
101001001110000001110111011001000
010010111100001010110000100111000
100001110000100000010001111110000
000011010010110100011110000010001
001110101011100111100111000111100
111001011111000001001001010110110
010001101001111100111100111110111
100100011101001101100100101110101
000110100110000001110011010111111
111000001110010101001001111000010

Hz:
010001001010010111110010011111001
001111001101011110111101001111100
001100010111100110111100110011110
111001110000001001011010110011010
011010011000001001111000010100000
101101001110001111110111101111001
111110000010100001111011010101100
101111011010101011111111011111110
011100110100101110010110011001100
110110100101111010111110010101101
011011101101000111011000101011010
001100111101100000001110101010100
100110000111010110010110010101001
110010101000100101011011010111101
100101000010101110011011011010010
101011001001110011110110110000011
