Hx:
110000111000100011111011100000111
000110000000111011100010011010010
111100010010010011101001110110001
001101011100111101000110111101001
001111000101100100101101100111100
011010010001100101011000100100000
111001111001111101101111011010111
000000000001001110100000001111100
111010101011011010111100101111101
101000111110101111101101101100110
000001100010101011111100010110101
100110010111101010000110010011010
110001101011100111000001110001010
011111000100100101011100011110101
111101100000111111001011110010100
000010000101110101110000011000100

Hz:
101000101101010111110100010101010
111110101001101100001101111000000
001011010110111110100110010100100
100110000011110100101001001100100
011000001011100101011100000010110
000010010101100001101000101110101
000011101101010011110101111111101
100001101110001010010110011111000
001010000010110010011000110000111
110000001101101100001100100010011
110110001110111101100110000101100
110000011001101100001111011001110
011010101000011100110011101011011
110000101010010010000110000110101
011011101010001010111000010100010
011011011101001110100100100101101
