Hx:
110000100011100010110111011011101
001111001011011000011001010101011
111101110001111001101101110010101
100001101010000100011011100101010
100101011111111101111100001000110
010011111111110000111000101010101
010011000101101011000000100001001
110101111100100111101101010100010
110010001101100110000110001000110
011001000010011011111101111100101
000110110001101110010000010111110
000100110011001001011111001111001
100110000110001110011001001110110
000000010101100001001110000000110
101001000010000010011001111100010
101011010011001111100110011001000

Hz:
011000011011001010010100100101100
011110000111100101011010001110000
011100110100100101011100011001111
001100010010110000000000001010111
101100001111010011110010000110000
011111001101010001001110001100110
001001100001001000101101111010010
001000111011100110110011110011111
101101100111000011010000001000011
000000111101011101100110010011111
001100000000010010111101110011111
000010100010001010100111010010001
001110101111011010011001110111011
010111000010011101011101011001010
111010100001101011001000110100110
000111001100000011011011001000001
