Hx:
111010110111111100011000110010100
110110111111001101010110000101111
000001100011011001011100011010011
010101010000101111000100001001111
010111100000110111010001011110110
011111000011000101100100101010011
111111001100100110101010001101110
101100110100111010100111011011011
100011000100101001011000001101111
010000000110111100100100101010100
000011011100001101011110011010100
100011100011110001001101110010111
001001110110001110100101011100110
101110110110101011001001110000101
101011011100100000010000101101001
000000001001010101011001101011011

Hz:
001101001111011101100101111011011
110110010001100001110101010111111
011101100001001010010011000010111
010110110110110101000011110010011
000011101011011010000011110000010
101110110011110011010110000101010
101001101000100011001100010001000
110011111111011001111010111101001
001011011101110000001011001001001
001100000001001011000100101111111
111010100100001000000111010101000
111000101100101001100001100111100
001011001101100000101100000001011
101111000110100101011010001101100
001111110101110101000100000010010
001101101000011101011101001111011
