Hx:
101101110000010011001110000000111
101011111000011101011100000001111
101001111110101001101110101000100
000100110001101101110011001001101
011010100010001100010010010100001
111011010110110011111101101001000
110101010011010011001010000000000
011011101011111000010001110001001
001101100101001111010101010100110
011000011111100100011100001111110
110110111111100110010000111011011
110011100000010110011010111010000
101101101100011100111110100011100
110000101001111010100101011000101
100110110110000000011111110011000
001000110101000100111011100100100

Hz:
001111011111010010111100001111011
101110001000111111000010111111111
011100001101110110110111010110101
000000100110011001001001011111101
001100000001110001001010100100011
101110111100010010100111110001001
101100000101010101010111000110001
001110010111000011110100000110101
100011011001100011011011001101100
110000000110010111101110110111100
100101011001110101111101011100000
110100101000100001110001010011000
101010101110110000101100000110011
000001111101011010001000110011011
100001001010010111100101000011110
001101010111110000100000001111001
