Hx:
100100100110010000011110001100001
111100110001101001101110011100011
000110011001011100101110001001110
101111010101010001000000001111000
000111000000101010100000010000110
000101000111001011111101000110101
111100100010001110000110010000011
001110000100111101000010110101010
001010001011001001001010100000000
111001010100110000101001010000111
001100111011010011011011100101001
001100110110111100110011001101100
010100000111111110010111100001010
101011010110100110100010000111001
110110001010110000001001101101101
011110011111000100111110000100110

Hz:
111101001001010100000101110011010
100001111110011011100011101001111
100011001111101100101111110001110
101001101101011000110011100011010
001101011010101001111010111110111
100101100100110001110100111010010
010011101010000101010110110100010
111001010011011111111111101110001
000111100001110000010010110010011
100010001100101010010110000001001
010010000011111010111011010001111
110111101100111111010011100001111
000001001100111100010000010010001
110100101001101101110010101010110
111110100110110110111001001100100
111001111111000101101110110111010
