Hx:
001110111101000110010000110001111
111001100101001110011000111110100
110001001110100111110110110100110
001101001111001000111011110011001
111001000100000110101111001001110
100001101001101110010001110010011
010010110011000010100011100111000
101000110101001111011001001010000
001110111010011010100110111101000
110100110110110000000100100001110
010010001110001110101110111111000
010100011010010011100110110110101
101110010001101100000100101101011
011000110100111011100001111001000
001111011000100101110110000100100
101011110001010011110101011111110

Hz:
011100101110000101111011011011001
110110100011011110111001011101010
010000111110011100110101011000010
011110100110101011001000011100001
001011001111100111111010110100110
111111010110101101101101010110111
110101110011011101111010000111111
011101000110010101111011000111110
010011010101010101100111011111111
010010111000001010101010101000110
001001111100101101011111110100111
010100100101011000001111010001101
010011011011001011111110100111000
010010101010011100100010111100011
000010111010111010001101010000110
000000010001001011110000001110101
