Hx:
110100110101000111100011000101100
101000010110000010111010001111101
011010111111101001001010110111110
010100111000011101111100110111111
010000000101011001001101001000011
111000111011001011111011010001011
100000101111110000010110010110000
110010010101100010110001001000101
000111011110100010101101000101101
000001110010001110111010000011100
101111010101111001001011011110100
001101110101010110011001111100100
000001000100110010111101001111010
000000011000110011101010001001100
110111001000100100101111011000001
000000101011101000101000000000011

Hz:
101011111100110111110100010100111
110001001011100110000100011101111
111100110111100000101100101101000
111011001111000011010100010111001
000001110110000001011010110111110
001011111001101001100001110100111
000101111110011100101110011001000
101111011110111001000011011000100
110011100000111110010101100110110
111100110011000110111110101011101
010000101011001110100101001101111
100101000001000000111101111010101
101111001110010011101100011101000
001100100001110110110111110111000
011010011000011111111101101111111
001010000000011001100100000110111
