Hx:
000110001101101111000010001000011
100111001101010000000100101001010
111000000000110100100010111101100
000001000010000000011111010100100
111000110010011110101011110100100
100111100110111001011101011110010
101011111011010101000100100011001
010110000101000100110001111011100
011111110001010001000100010101111
001110001100101101111101101010000
011110000011100000110011101111000
110010011100000000100001000000100
100101011001011000001011011011101
011000010001110001011001100101111
110100111110010110111101110100011
110110011000010010100000100101100

Hz:
011111000000100100110110111000100
110111100111010100100110011011101
000001100000011000111110101010110
110010000100011100100000011000110
100010011110000000100001110001101
111111011000100010010101010100001
100001011110101011100110101110111
101101001000111111100010010001100
001111101001101000100001110110000
101001100011100001110010001000001
100001111010110100111001000010101
001111100100000010000100100000000
100100100111101001111010101100100
100010111011100100101011100000011
101100001001101101111110100101111
011000100101100000110101011000000
