Hx:
111010010101010011010000100000101
111111110110010001100011010101110
011110001000111000010100010111111
011101100000100100010101011111100
111011101111011111100011100011111
101101110101000001111001001001100
011000001011010000100101111011110
100101110110000010000000110101100
011111000110010001001101111011000
110111010011001100000100101010111
010111101000000110111100110101111
100110011000100000000111100100101
000110110100100100110110001111010
111001010100000011101100100000101
100111111011101100000001011000111
000101111001011000110100101011111

Hz:
111001101101011100110110010110011
001001111000010111101010100011010
001011101001101101010010010101100
111111011110001001011010001000010
011110011111100001001111001110100
000001011111000110110001101011101
111101111010000011000101010001111
010010000011011110100000101000101
000001100010101010000101010010100
000110011101001010011011010011000
001011011101001010011100011111110
101000001011011100001110110001100
010001111101110101110101100011000
001111001100010111011110100011010
001001001000101001000101100011100
011000110001110010000001111101100
