Hx:
010110000100001011011110011101000
110011100101010100110110111001001
101100100010100000110110100111111
011000100110001110110010001110101
011101001011010111011011010110110
011100111001101001011000001100111
100111000100101111001101011001110
111100101111100111000111010100110
100011101100001100111010001011110
010001111010101100110010000011001
100100101011110011010100011100000
001001001110010101101111110110000
011110010111111100110011011100100
110010010101011110000100101111000
010010011101011010100010101011110
001100110110100101000000111101011

Hz:
101111010001101010100110100000110
001101010001100101110101110100110
111110010100000010010010111011000
101011111001101000000011111100111
001011000001111001100011101110100
101100101010010011111011001011110
000110101101011110100101111101010
111110100100001100000100010100110
001110100001101111011111000011010
010110010001111000111010011100011
110010100111101110110000101011100
101001110001001111000110111001001
110100100111111000100110101100011
101100101101000001111001100110001
100111011110111010010101001010100
100101001000010101000101011001000
