Hx:
100100111001011001001001101011011
001001100000011111110111101011011
011110111010111010110001110101000
000110010101111001111100100111000
110001111101100100110001000111100
110001010000101011011111010011100
001101001011100011001100000111000
001111111100100101000010010001101
000001000011100111100001001110110
100001010011011100111101110011101
100000100111101110011010111111101
000010010000000000101110010010110
110001001111111010000010010100010
011100101000101000100000000110010
010001111000101110101111001100011
001001010100001010111110010100011

Hz:
010000000011110000010000110001100
001100111000111011100111101010101
010001111011111100001001000011100
110110001011001011000010100000001
111101111100110000101000111011101
101100110111110111010000111100110
000110101111000111100000000011010
110011010010010001110101110000100
100110101010010000111000001000101
101000111100110000110000100001110
000110111111101001111100001101011
001110011101110110110101101111011
010100100011011101000011100000100
110000001100111011101100011101000
000101111110010110110001100001000
011101000011010001100101110100011
