Hx:
011011100001101100111001110111000
110100000110000010110111111010111
000011101110110011000111010111111
111101100001111110010001001010010
100100001011011001001100001111111
110110001101011001001101110011100
001100010110110110100111011011100
010111110110101001110001111010100
100111011010111100001110001001101
010110001100111001100000001001010
011001011011010001011001110101110
110000001101101101101001111101010
111100001010100000101100010110101
000010101101001001001111000010001
111111101110101000101100100110000
111000011100010011001101111000001

Hz:
101000010011100100100111001000010
101001111101000001010110100110010
101101110101110111010100000111100
101011010011111001011000010001101
001111001010110111001000100010001
000100000000110100001100110010111
001111101011001100011100010000001
111001110000000000011101110111101
100100010100110010000001000000100
011010100110100001100101110001110
111100001101011010011010011001100
110100100000001100010010110111000
011100000100111010111001110011101
101011101001001101110100100110110
101011010000100011100110100110001
001111000101100110100111010001000
