Hx:
010100110111001111011001101111111
010111100110110001010000011111111
000001000010001101000101100100100
110010001111111001101111010100110
010001010011001000010001001110111
001101010001111100011110100011000
100110111111110110001010100110001
111010011110011110101010001011110
000010111111111110101101001110000
010011111100001010000011010001010
100000001100010101010000110111101
111100110100110101100010001010111
011110111101111101011010000100000
110000111001000111100111101010111
010010001010100001110000100111010
110110101010010110000110110001111

Hz:
101001101001000000110100001110110
001010100111110001111110011100010
101101000100000111101100111010100
101001000010100000010001101110100
010001111111101111110000101111110
110010011110101111100101010110111
100110111101010001001011001111101
101011100010001100111110010000101
100010000001111101100001010110100
000010001100100000000110000101010
101011111011111110111110110110110
101101101110000101011101001101101
011101011000001001101100001010011
000010001101001100001011000001111
101110111110000101110110100100000
010111011010010011011111010011100
