Hx:
111001101001100000010100101000110
010110001101011100000011000110110
111011100010011000111011111101100
110110010111101101001000010110110
001111101110101001101000100101110
100010100101010010010100011010101
010101011010110000011010111110100
111110000000001110110001000100101
001011010110100000100111011101111
111001010000110001100010101010100
000110010100010010001100100100001
001011010001001001011111100011101
000000110011101011011110011100110
100101101100010001000100110000011
000000000100100011100101000101011
101111111000011100110100010001100

Hz:
001011011110100110111001101001100
000101010110010101011110101111010
010000111010011010101111011100010
001111010111000100110011001111101
001011011100010101100011001011110
100110001100011011101011111110000
100110100100010110010111000101111
010100101001101001111011000010000
101110000010110010001100010010110
000000101011000000111000011010101
111010000111011110001010010111000
110000010010011111011000101101100
100100010000000010000111001000010
110010100001010000000110011010001
100010011100111101011000111000110
010101000001101001000000000001001
