Hx:
001001111001110110100110110010010
011101100100110101101100101111100
110101010011000110000001110110111
000100001101011010101001111111001
010011100101001001111110110011111
001101100011011110001100101001110
100100000100000111101011010110001
110100110010011001000010110111000
010111001010100101000011101110000
010110001111100110101100000011000
111010100100101110101010010001100
000011110000110111101001001111010
000111010000011000000010111111100
001010001101100011011010111101111
101011000010010100000011111100111
111000110101110111110111111011010

Hz:
010010011111101010000000001000010
011001001000110100101110101110110
100000101101110010010000010110000
100000101111000101110110111010100
111000000101010011011001011001011
011011110011000001000011111011111
100111111000000001100010000000101
110000110110110111110101010000110
101001011010100010000011101111010
011001101111101110011101011111110
110010001101110010010111101111011
010110111001110011001000110011000
011010110000100111001001111000100
010101101110000110000110100000001
101011101010101111011010111110111
001011110110110011111101101000000
