Hx:
000001010011110100111101110111100
011100100011010011110011110010111
001100110100011100000111010001111
101010100010010101011011111001100
100110101000110110011010011000100
011011111000110101110101100001010
011001111110011011110100000100110
101000010000111110100010000100000
011010000000001110100011100111010
111000010011110010001000011110101
001001011010101100101011100101100
111101110011110010001001001110010
100010111110100101110100110000010
101001101101101000111100110010111
001111000101111111111011000000101
111110001101110100001100000100101

Hz:
110001011110010111011000111101101
100101010110001100001100000000000
111001111010111111110000000110000
110011010010011011011010000001100
110011001011101101101111000011110
000100111111110001010111110011011
011100101000110111010111011011101
011000111110101010101110101110111
100010000001100000110101111101000
001001011100101010011111011011010
011110011011101101001011011001100
111011000111100111011001010100010
110110010011010101011010101100100
001000010011000000100010111001111
000001101110111100011101010000011
001011000010001100101110010110101
