Hx:
110010001011001000110100110010111
100010111011100011011110001011101
011100110110011100010000000101101
001000100101110011000100010101001
000011110000011010011000001110001
101111010010000010101101111010010
110111000001000010010101100010011
001110001100110011010101011111110
001010111100100000010000001011001
001111000000111001110101111111100
111011111001100010111100111111100
101100011111101101111110111111010
111100101110011001010001111110010
100001110111011110110010100100000
100100001001000100100001101110111
100101101001111010001000001001011

Hz:
111111010010101100010111100111111
011001101001010111000101011001111
110010111011011001111100100000001
111011001010100001000110011000001
100010100101011000111110001111011
000101110001101111111010101110110
100010111100010110000110010010110
101111100110001111100000101001000
000000011100011111001111001101001
110110011100010111110110001101001
111000101000010001001011011010111
001100111110111110001000000000100
111101101001101111110001001111110
110000010011111100000110111110100
001010100000111101001011100011000
001101001010111010100111011110111
